n_features: 576
n_nodes: 1219
node_features: {
180 
262 
538 
166 
114 
397 
397 
239 
116 
34 
414 
565 
29 
420 
85 
197 
474 
513 
93 
233 
127 
230 
85 
358 
416 
6 
106 
509 
333 
485 
0 
495 
489 
98 
169 
327 
236 
76 
342 
388 
420 
35 
151 
246 
213 
167 
458 
107 
285 
393 
440 
573 
0 
0 
0 
300 
172 
16 
387 
566 
0 
215 
475 
463 
31 
557 
560 
328 
23 
44 
0 
317 
356 
549 
353 
266 
386 
121 
0 
0 
0 
102 
0 
0 
341 
436 
0 
0 
531 
396 
421 
82 
342 
314 
373 
484 
0 
367 
0 
0 
0 
284 
0 
429 
384 
407 
156 
252 
68 
5 
539 
22 
0 
230 
38 
418 
399 
74 
0 
0 
338 
397 
0 
70 
362 
0 
0 
320 
0 
391 
0 
245 
360 
204 
398 
318 
0 
0 
0 
6 
71 
0 
345 
0 
0 
412 
0 
0 
21 
231 
0 
413 
446 
533 
333 
493 
0 
0 
0 
0 
239 
304 
0 
0 
0 
428 
0 
253 
0 
395 
0 
42 
551 
0 
147 
212 
474 
130 
0 
472 
0 
382 
374 
0 
0 
390 
296 
539 
345 
522 
293 
360 
533 
91 
204 
187 
38 
0 
0 
0 
11 
143 
0 
128 
295 
247 
0 
0 
163 
245 
0 
162 
168 
463 
557 
155 
0 
128 
0 
557 
303 
407 
0 
0 
0 
226 
0 
0 
504 
104 
0 
116 
0 
0 
0 
420 
0 
529 
0 
0 
535 
401 
0 
79 
99 
351 
0 
0 
0 
200 
0 
48 
492 
556 
0 
539 
0 
156 
0 
465 
0 
0 
0 
542 
0 
36 
0 
260 
541 
470 
501 
0 
0 
32 
13 
337 
15 
0 
265 
232 
0 
0 
0 
386 
0 
334 
0 
94 
0 
0 
0 
472 
0 
0 
0 
149 
0 
116 
0 
0 
324 
0 
0 
302 
0 
193 
403 
480 
0 
11 
320 
351 
49 
419 
504 
384 
0 
379 
0 
519 
0 
230 
247 
0 
320 
568 
0 
0 
2 
0 
0 
0 
23 
331 
0 
429 
0 
0 
345 
0 
0 
263 
0 
246 
0 
297 
487 
408 
0 
267 
0 
515 
0 
7 
0 
93 
110 
0 
0 
46 
0 
230 
0 
573 
0 
51 
325 
389 
30 
493 
103 
343 
0 
0 
0 
85 
337 
405 
361 
0 
500 
557 
0 
0 
266 
124 
518 
167 
0 
0 
22 
388 
0 
379 
0 
0 
0 
272 
0 
0 
0 
486 
0 
0 
0 
0 
181 
475 
0 
13 
51 
25 
172 
497 
0 
0 
429 
542 
0 
256 
0 
0 
49 
0 
85 
104 
0 
0 
229 
0 
17 
573 
0 
385 
0 
0 
0 
355 
0 
64 
0 
0 
0 
339 
0 
0 
0 
262 
266 
117 
0 
516 
0 
232 
0 
531 
0 
13 
0 
0 
0 
551 
0 
572 
0 
0 
0 
80 
0 
385 
0 
0 
278 
328 
165 
86 
0 
0 
0 
0 
0 
188 
0 
277 
0 
0 
0 
0 
144 
0 
130 
0 
73 
297 
0 
148 
0 
466 
0 
251 
0 
0 
0 
389 
0 
185 
0 
326 
0 
485 
0 
277 
0 
205 
0 
0 
138 
522 
0 
444 
0 
380 
358 
165 
0 
450 
0 
245 
0 
156 
119 
402 
245 
434 
0 
0 
225 
541 
0 
0 
0 
417 
0 
0 
472 
129 
0 
0 
0 
524 
0 
424 
0 
542 
0 
0 
0 
0 
292 
0 
380 
0 
223 
480 
0 
198 
0 
0 
0 
492 
0 
85 
0 
520 
0 
0 
74 
0 
0 
397 
0 
0 
0 
186 
0 
0 
154 
335 
0 
0 
453 
4 
0 
169 
0 
316 
0 
543 
0 
1 
0 
327 
0 
255 
0 
0 
406 
414 
0 
123 
15 
451 
0 
0 
0 
0 
0 
232 
276 
105 
0 
422 
0 
0 
0 
0 
543 
147 
0 
41 
0 
0 
0 
240 
0 
407 
0 
272 
0 
54 
0 
464 
0 
0 
31 
115 
0 
0 
0 
149 
0 
0 
0 
359 
0 
163 
0 
0 
275 
312 
0 
0 
406 
0 
0 
224 
0 
45 
0 
566 
0 
295 
0 
68 
0 
277 
0 
264 
0 
40 
0 
320 
0 
543 
0 
138 
273 
0 
457 
210 
0 
533 
0 
424 
0 
527 
0 
46 
0 
418 
0 
474 
116 
389 
0 
203 
0 
446 
0 
187 
0 
0 
0 
0 
0 
438 
104 
158 
528 
380 
0 
526 
0 
0 
0 
81 
0 
0 
0 
33 
0 
117 
0 
283 
0 
559 
0 
426 
0 
49 
0 
0 
0 
263 
0 
0 
85 
0 
501 
30 
0 
61 
0 
0 
0 
196 
0 
0 
0 
0 
0 
174 
0 
52 
0 
0 
0 
0 
0 
87 
0 
0 
215 
0 
210 
318 
0 
106 
0 
0 
0 
216 
0 
190 
0 
0 
0 
382 
0 
0 
0 
507 
0 
0 
0 
248 
0 
121 
0 
85 
0 
410 
0 
0 
0 
100 
0 
458 
0 
0 
0 
411 
0 
549 
0 
7 
0 
505 
0 
154 
0 
137 
0 
0 
0 
0 
385 
513 
0 
391 
0 
475 
0 
492 
31 
0 
0 
554 
0 
58 
0 
33 
0 
0 
0 
195 
0 
0 
155 
229 
290 
511 
0 
243 
0 
455 
0 
501 
334 
341 
0 
171 
0 
460 
0 
431 
0 
0 
0 
0 
0 
19 
0 
0 
0 
436 
0 
443 
0 
0 
0 
109 
0 
464 
0 
0 
0 
32 
0 
464 
0 
156 
0 
155 
0 
149 
0 
0 
302 
370 
0 
405 
0 
349 
0 
21 
0 
21 
0 
196 
154 
374 
0 
130 
0 
103 
0 
0 
0 
573 
0 
249 
0 
446 
0 
396 
0 
224 
0 
0 
0 
0 
0 
575 
0 
0 
0 
0 
0 
0 
0 
542 
0 
188 
0 
0 
0 
0 
505 
516 
0 
0 
272 
451 
0 
0 
0 
545 
0 
534 
0 
524 
550 
385 
0 
308 
0 
185 
0 
0 
0 
344 
0 
397 
0 
43 
0 
0 
0 
0 
0 
55 
0 
77 
0 
0 
500 
121 
0 
0 
0 
0 
0 
533 
75 
167 
0 
250 
0 
0 
0 
448 
0 
468 
0 
312 
0 
51 
0 
353 
0 
408 
0 
241 
0 
187 
0 
0 
0 
387 
0 
453 
0 
466 
0 
46 
0 
446 
0 
452 
0 
321 
0 
398 
0 
98 
0 
404 
0 
177 
0 
327 
0 
0 
0 
502 
0 
284 
0 
265 
309 
506 
0 
554 
0 
371 
0 
113 
0 
460 
0 
0 
0 
0 
0 
0 
0 
47 
0 
500 
0 
495 
0 
575 
0 
77 
318 
64 
0 
201 
0 
511 
0 
171 
0 
468 
0 
551 
0 
211 
0 
70 
0 
548 
0 
76 
0 
163 
0 
408 
0 
430 
0 
0 
0 
480 
0 
241 
0 
158 
0 
31 
0 
0 
0 
314 
0 
125 
0 
364 
0 
43 
0 
422 
0 
0 
0 
0 
0 
210 
0 
0 
0 
452 
0 
161 
259 
557 
0 
474 
0 
346 
0 
114 
0 
0 
0 
393 
0 
535 
0 
0 
0 
535 
0 
296 
0 
0 
463 
42 
0 
53 
0 
483 
0 
542 
0 
0 
459 
325 
0 
279 
0 
340 
0 
186 
0 
0 
0 
93 
571 
0 
0 
572 
0 
516 
0 
0 
0 
530 
0 
62 
0 
355 
0 
0 
0 
0 
451 
0 
30 
547 
0 
132 
0 
175 
0 
0 
0 
489 
0 
0 
552 
377 
0 
523 
0 
0 
0 
} 
node_thresholds: {
0.4851 
0.6363 
0.0161 
0.0692 
0.0000 
0.8377 
0.9513 
0.1026 
0.7413 
0.0241 
0.0904 
0.0133 
1.1655 
0.0138 
2.0588 
1.9158 
0.2694 
0.0000 
0.4474 
0.0028 
0.0001 
0.0977 
0.0302 
0.0164 
0.5038 
0.6935 
0.0114 
0.0244 
0.1815 
3.4079 
0.0000 
0.0819 
0.0296 
0.0464 
0.0004 
2.2535 
1.4903 
0.2733 
0.8002 
2.3998 
0.0005 
3.9545 
0.0012 
0.6076 
0.0002 
0.0862 
0.0035 
1.4899 
0.0868 
2.1088 
1.9450 
1.2744 
0.0000 
0.0000 
0.0000 
0.0907 
1.3324 
0.0072 
0.0013 
4.5335 
0.0000 
0.0839 
0.1483 
0.0032 
0.0149 
7.1648 
0.0681 
0.0024 
1.9974 
7.0729 
0.0000 
0.2674 
0.1227 
3.2622 
0.0545 
0.1372 
0.0008 
4.0580 
0.0000 
0.0000 
0.0000 
1.9306 
0.0000 
0.0000 
0.0002 
3.3798 
0.0000 
0.0000 
0.4837 
1.3089 
0.4325 
0.0252 
0.0281 
0.6995 
0.1002 
0.0253 
0.0000 
2.3310 
0.0000 
0.0000 
0.0000 
0.8073 
0.0000 
0.0304 
0.0000 
0.2262 
0.2122 
4.5353 
0.5346 
0.0004 
0.0767 
1.1857 
0.0000 
0.1306 
2.1390 
0.2949 
1.7579 
0.0158 
0.0000 
0.0000 
0.0006 
3.1861 
0.0000 
0.0138 
0.2271 
0.0000 
0.0000 
0.0011 
0.0000 
5.0159 
0.0000 
0.3725 
1.2459 
0.7759 
0.1177 
0.6728 
0.0000 
0.0000 
0.0000 
5.4466 
0.0027 
0.0000 
2.5800 
0.0000 
0.0000 
0.0007 
0.0000 
0.0000 
1.2383 
1.4563 
0.0000 
0.0771 
0.9713 
0.1272 
0.0085 
1.4297 
0.0000 
0.0000 
0.0000 
0.0000 
0.0959 
0.5134 
0.0000 
0.0000 
0.0000 
0.4520 
0.0000 
4.1899 
0.0000 
0.0362 
0.0000 
7.8305 
0.7016 
0.0000 
0.8567 
1.0728 
0.0070 
1.3132 
0.0000 
1.5368 
0.0000 
0.1407 
0.3060 
0.0000 
0.0000 
0.6455 
0.0081 
0.3715 
0.0011 
13.4089 
0.0082 
1.0549 
0.2663 
5.5826 
3.6758 
1.2665 
0.8463 
0.0000 
0.0000 
0.0000 
7.3394 
3.1926 
0.0000 
0.0009 
0.6801 
3.4954 
0.0000 
0.0000 
0.1258 
2.4424 
0.0000 
0.0667 
0.0036 
0.1174 
3.3617 
0.8653 
0.0000 
3.8224 
0.0000 
0.0515 
0.0002 
0.1681 
0.0000 
0.0000 
0.0000 
0.0004 
0.0000 
0.0000 
1.8795 
0.0014 
0.0000 
2.0983 
0.0000 
0.0000 
0.0000 
0.1647 
0.0000 
0.0029 
0.0000 
0.0000 
1.5095 
6.4030 
0.0000 
1.0311 
0.3547 
0.3205 
0.0000 
0.0000 
0.0000 
4.9926 
0.0000 
0.4409 
1.3214 
0.8072 
0.0000 
0.6666 
0.0000 
0.5791 
0.0000 
1.7074 
0.0000 
0.0000 
0.0000 
5.0588 
0.0000 
0.1618 
0.0000 
0.1599 
0.3492 
3.6256 
0.0834 
0.0000 
0.0000 
0.0178 
0.7226 
0.0000 
4.1920 
0.0000 
0.0000 
0.5424 
0.0000 
0.0000 
0.0000 
4.8353 
0.0000 
0.0018 
0.0000 
8.0507 
0.0000 
0.0000 
0.0000 
2.4323 
0.0000 
0.0000 
0.0000 
2.5048 
0.0000 
1.6471 
0.0000 
0.0000 
0.0009 
0.0000 
0.0000 
2.0081 
0.0000 
0.1472 
0.0014 
4.2955 
0.0000 
0.0000 
0.0518 
0.1782 
0.0099 
1.9028 
4.6009 
0.0014 
0.0000 
0.0000 
0.0000 
10.5502 
0.0000 
0.0945 
0.0777 
0.0000 
9.2676 
5.6897 
0.0000 
0.0000 
0.0002 
0.0000 
0.0000 
0.0000 
5.3986 
7.5338 
0.0000 
2.1614 
0.0000 
0.0000 
0.9028 
0.0000 
0.0000 
12.9111 
0.0000 
0.0812 
0.0000 
1.3943 
4.7602 
2.4113 
0.0000 
3.0394 
0.0000 
2.8724 
0.0000 
4.1087 
0.0000 
3.6808 
2.1828 
0.0000 
0.0000 
6.0950 
0.0000 
1.1157 
0.0000 
2.7970 
0.0000 
0.0209 
0.0864 
0.5552 
0.4636 
0.0298 
1.6810 
2.0152 
0.0000 
0.0000 
0.0000 
0.0485 
0.0014 
0.0012 
0.0037 
0.0000 
1.5353 
6.5259 
0.0000 
0.0000 
1.6809 
12.3867 
0.0084 
0.9452 
0.0000 
0.0000 
0.5394 
4.1181 
0.0000 
4.2396 
0.0000 
0.0000 
0.0000 
3.4959 
0.0000 
0.0000 
0.0000 
1.8652 
0.0000 
0.0000 
0.0000 
0.0000 
0.0010 
4.0262 
0.0000 
0.1407 
2.8478 
6.6586 
0.8131 
3.2926 
0.0000 
0.0000 
0.0535 
0.5427 
0.0000 
0.9618 
0.0000 
0.0000 
0.0001 
0.0000 
3.1981 
5.9928 
0.0000 
0.0000 
1.7734 
0.0000 
0.0023 
1.1245 
0.0000 
3.4725 
0.0000 
0.0000 
0.0000 
3.1610 
0.0000 
4.1928 
0.0000 
0.0000 
0.0000 
0.8953 
0.0000 
0.0000 
0.0000 
1.4333 
0.0026 
0.0632 
0.0000 
0.0003 
0.0000 
3.3059 
0.0000 
10.7692 
0.0000 
0.0325 
0.0000 
0.0000 
0.0000 
5.5979 
0.0000 
0.4635 
0.0000 
0.0000 
0.0000 
4.5394 
0.0000 
0.0001 
0.0000 
0.0000 
1.4785 
5.2517 
0.6672 
2.1772 
0.0000 
0.0000 
0.0000 
0.0000 
0.0000 
0.0158 
0.0000 
0.6440 
0.0000 
0.0000 
0.0000 
0.0000 
0.0353 
0.0000 
5.1639 
0.0000 
0.8015 
6.8585 
0.0000 
1.9650 
0.0000 
5.2417 
0.0000 
4.3291 
0.0000 
0.0000 
0.0000 
3.8947 
0.0000 
0.0000 
0.0000 
5.5581 
0.0000 
0.5475 
0.0000 
8.3810 
0.0000 
0.7752 
0.0000 
0.0000 
3.9641 
0.5429 
0.0000 
0.0115 
0.0000 
10.9412 
0.4431 
0.0086 
0.0000 
3.0307 
0.0000 
6.4193 
0.0000 
1.3185 
0.2010 
1.9093 
1.9215 
0.3998 
0.0000 
0.0000 
0.3672 
0.0012 
0.0000 
0.0000 
0.0000 
0.1239 
0.0000 
0.0000 
10.0595 
5.2664 
0.0000 
0.0000 
0.0000 
3.2232 
0.0000 
0.3739 
0.0000 
5.3446 
0.0000 
0.0000 
0.0000 
0.0000 
0.0122 
0.0000 
4.9204 
0.0000 
0.0026 
2.9627 
0.0000 
1.3970 
0.0000 
0.0000 
0.0000 
0.6843 
0.0000 
0.3972 
0.0000 
7.7433 
0.0000 
0.0000 
3.4680 
0.0000 
0.0000 
0.5219 
0.0000 
0.0000 
0.0000 
4.5704 
0.0000 
0.0000 
2.9651 
1.6306 
0.0000 
0.0000 
5.2142 
0.9795 
0.0000 
0.0061 
0.0000 
11.0232 
0.0000 
8.8074 
0.0000 
0.0832 
0.0000 
6.5737 
0.0000 
1.1089 
0.0000 
0.0000 
2.0851 
0.4415 
0.0000 
0.7244 
2.9466 
6.5535 
0.0000 
0.0000 
0.0000 
0.0000 
0.0000 
3.7138 
0.0005 
0.0010 
0.0000 
0.3772 
0.0000 
0.0000 
0.0000 
0.0000 
0.0010 
3.2346 
0.0000 
3.6801 
0.0000 
0.0000 
0.0000 
0.0047 
0.0000 
2.5740 
0.0000 
0.0010 
0.0000 
0.6172 
0.0000 
2.8537 
0.0000 
0.0000 
8.5403 
10.2598 
0.0000 
0.0000 
0.0000 
0.7513 
0.0000 
0.0000 
0.0000 
0.2778 
0.0000 
7.2144 
0.0000 
0.0000 
2.4388 
0.0756 
0.0000 
0.0000 
0.0040 
0.0000 
0.0000 
7.1594 
0.0000 
0.8266 
0.0000 
0.0128 
0.0000 
0.2815 
0.0000 
2.2605 
0.0000 
8.2414 
0.0000 
4.8026 
0.0000 
6.6479 
0.0000 
3.4729 
0.0000 
2.6257 
0.0000 
3.9581 
0.0147 
0.0000 
0.0007 
2.2910 
0.0000 
8.3155 
0.0000 
6.1008 
0.0000 
12.0434 
0.0000 
3.2096 
0.0000 
0.1130 
0.0000 
5.1188 
9.1419 
4.0497 
0.0000 
2.5513 
0.0000 
3.7488 
0.0000 
0.4975 
0.0000 
0.0000 
0.0000 
0.0000 
0.0000 
7.3145 
0.7139 
0.6456 
3.5796 
0.8754 
0.0000 
8.8780 
0.0000 
0.0000 
0.0000 
3.4072 
0.0000 
0.0000 
0.0000 
0.6716 
0.0000 
4.7845 
0.0000 
0.9557 
0.0000 
7.3330 
0.0000 
1.3821 
0.0000 
8.3562 
0.0000 
0.0000 
0.0000 
0.0139 
0.0000 
0.0000 
1.0939 
0.0000 
3.1937 
8.9209 
0.0000 
0.1100 
0.0000 
0.0000 
0.0000 
6.4951 
0.0000 
0.0000 
0.0000 
0.0000 
0.0000 
12.7919 
0.0000 
3.0375 
0.0000 
0.0000 
0.0000 
0.0000 
0.0000 
10.0593 
0.0000 
0.0000 
0.0374 
0.0000 
2.1283 
0.0209 
0.0000 
0.0008 
0.0000 
0.0000 
0.0000 
4.2350 
0.0000 
5.2836 
0.0000 
0.0000 
0.0000 
5.7736 
0.0000 
0.0000 
0.0000 
0.1921 
0.0000 
0.0000 
0.0000 
3.0387 
0.0000 
1.8519 
0.0000 
10.5549 
0.0000 
1.2254 
0.0000 
0.0000 
0.0000 
5.0269 
0.0000 
2.5124 
0.0000 
0.0000 
0.0000 
3.6531 
0.0000 
0.1847 
0.0000 
1.9414 
0.0000 
1.1210 
0.0000 
4.6399 
0.0000 
1.7937 
0.0000 
0.0000 
0.0000 
0.0000 
6.5137 
5.9661 
0.0000 
3.3872 
0.0000 
4.3890 
0.0000 
0.0087 
0.5844 
0.0000 
0.0000 
6.6175 
0.0000 
0.0003 
0.0000 
7.6858 
0.0000 
0.0000 
0.0000 
4.3657 
0.0000 
0.0000 
1.5891 
0.0217 
5.5134 
0.0010 
0.0000 
3.4990 
0.0000 
10.4403 
0.0000 
7.0484 
5.3706 
4.9767 
0.0000 
6.9063 
0.0000 
5.4381 
0.0000 
2.8409 
0.0000 
0.0000 
0.0000 
0.0000 
0.0000 
9.7019 
0.0000 
0.0000 
0.0000 
2.9050 
0.0000 
4.7602 
0.0000 
0.0000 
0.0000 
6.0575 
0.0000 
4.6458 
0.0000 
0.0000 
0.0000 
9.8926 
0.0000 
10.4573 
0.0000 
0.2378 
0.0000 
0.3032 
0.0000 
3.4720 
0.0000 
0.0000 
0.0008 
3.1801 
0.0000 
0.0062 
0.0000 
3.1185 
0.0000 
0.0966 
0.0000 
7.9470 
0.0000 
3.7870 
1.3173 
6.2134 
0.0000 
4.6196 
0.0000 
1.5426 
0.0000 
0.0000 
0.0000 
9.9791 
0.0000 
7.6135 
0.0000 
9.2710 
0.0000 
2.3775 
0.0000 
5.2034 
0.0000 
0.0000 
0.0000 
0.0000 
0.0000 
2.7928 
0.0000 
0.0000 
0.0000 
0.0000 
0.0000 
0.0000 
0.0000 
9.8844 
0.0000 
6.0747 
0.0000 
0.0000 
0.0000 
0.0000 
0.0000 
9.0725 
0.0000 
0.0000 
1.7202 
3.9067 
0.0000 
0.0000 
0.0000 
0.0000 
0.0000 
12.9190 
0.0000 
9.9490 
0.4353 
7.9993 
0.0000 
0.9706 
0.0000 
2.0974 
0.0000 
0.0000 
0.0000 
8.4303 
0.0000 
2.7076 
0.0000 
5.7850 
0.0000 
0.0000 
0.0000 
0.0000 
0.0000 
0.8174 
0.0000 
1.7238 
0.0000 
0.0000 
3.4895 
9.3365 
0.0000 
0.0000 
0.0000 
0.0000 
0.0000 
1.5218 
5.7116 
1.7604 
0.0000 
3.1067 
0.0000 
0.0000 
0.0000 
6.4525 
0.0000 
5.5727 
0.0000 
2.4171 
0.0000 
8.5670 
0.0000 
3.6913 
0.0000 
6.2501 
0.0000 
6.5400 
0.0000 
1.4946 
0.0000 
0.0000 
0.0000 
8.2408 
0.0000 
7.1672 
0.0000 
0.0000 
0.0000 
13.3730 
0.0000 
9.8026 
0.0000 
9.4065 
0.0000 
3.7308 
0.0000 
4.6890 
0.0000 
5.3280 
0.0000 
7.8988 
0.0000 
4.0117 
0.0000 
11.9231 
0.0000 
0.0000 
0.0000 
2.7333 
0.0000 
0.4952 
0.0000 
3.2661 
0.5318 
13.6353 
0.0000 
10.7285 
0.0000 
1.6837 
0.0000 
10.9994 
0.0000 
6.7055 
0.0000 
0.0000 
0.0000 
0.0000 
0.0000 
0.0000 
0.0000 
3.3422 
0.0000 
2.5907 
0.0000 
2.2522 
0.0000 
1.0525 
0.0000 
1.9593 
0.0195 
13.0926 
0.0000 
6.5261 
0.0000 
7.1948 
0.0000 
3.6679 
0.0000 
9.2879 
0.0000 
2.5287 
0.0000 
2.5273 
0.0000 
1.0564 
0.0000 
6.4164 
0.0000 
3.1465 
0.0000 
3.4030 
0.0000 
11.6770 
0.0000 
6.3603 
0.0000 
0.0000 
0.0000 
11.7072 
0.0000 
5.4722 
0.0000 
6.7500 
0.0000 
7.4235 
0.0000 
0.0000 
0.0000 
1.7186 
0.0000 
7.9663 
0.0000 
0.4796 
0.0000 
14.0251 
0.0000 
2.1525 
0.0000 
0.0000 
0.0000 
0.0000 
0.0000 
0.2701 
0.0000 
0.0000 
0.0000 
5.9669 
0.0000 
4.9005 
0.8466 
4.1872 
0.0000 
11.8693 
0.0000 
4.5778 
0.0000 
0.0003 
0.0000 
0.0000 
0.0000 
8.0995 
0.0000 
0.1076 
0.0000 
0.0000 
0.0000 
8.0842 
0.0000 
1.6317 
0.0000 
0.0000 
9.1936 
6.9807 
0.0000 
3.4079 
0.0000 
11.0594 
0.0000 
11.7524 
0.0000 
0.0000 
9.5638 
0.1575 
0.0000 
3.7612 
0.0000 
12.8995 
0.0000 
5.7132 
0.0000 
0.0000 
0.0000 
1.5820 
0.0000 
0.0000 
0.0000 
13.1208 
0.0000 
10.8118 
0.0000 
0.0000 
0.0000 
4.5150 
0.0000 
2.7971 
0.0000 
0.1039 
0.0000 
0.0000 
0.0000 
0.0000 
6.1128 
0.0000 
4.7759 
11.9272 
0.0000 
2.2665 
0.0000 
0.4289 
0.0000 
0.0000 
0.0000 
0.1161 
0.0000 
0.0000 
4.1829 
2.0978 
0.0000 
11.0781 
0.0000 
0.0000 
0.0000 
} 
node_means: {
0.5000 
0.6955 
0.2090 
0.7729 
0.3297 
0.5403 
0.1542 
0.8665 
0.5978 
0.6418 
0.2498 
0.6752 
0.2173 
0.2482 
0.0477 
0.8949 
0.6447 
0.6734 
0.3358 
0.8725 
0.4647 
0.4879 
0.1619 
0.4416 
0.8487 
0.1532 
0.6483 
0.1397 
0.3741 
0.0437 
0.4224 
0.9076 
0.4081 
0.7295 
0.3976 
0.8585 
0.6011 
0.2646 
0.5100 
0.9602 
0.6340 
0.7196 
0.2830 
0.6261 
0.3015 
0.0662 
0.2661 
0.6362 
0.2216 
0.9033 
0.4835 
0.1270 
0.6396 
0.9547 
0.4270 
0.0898 
0.3730 
0.5834 
0.1864 
0.0421 
0.7228 
0.9349 
0.7797 
0.5941 
0.2076 
0.8367 
0.5291 
0.6705 
0.3137 
0.8776 
0.2888 
0.6556 
0.2704 
0.2146 
0.5961 
0.6961 
0.1723 
0.9899 
0.6559 
0.3906 
0.8692 
0.8925 
0.3340 
0.6436 
0.1894 
0.7025 
0.1852 
0.6754 
0.2195 
0.1544 
0.0233 
0.6849 
0.2290 
0.7746 
0.3340 
0.0980 
0.6836 
0.9240 
0.3955 
0.7017 
0.0418 
0.1069 
0.6673 
0.0700 
0.4388 
0.5960 
0.1487 
0.8178 
0.4163 
0.5841 
0.1529 
0.0400 
0.6079 
0.9574 
0.7446 
0.8706 
0.5884 
0.4488 
0.9125 
0.5905 
0.0926 
0.8616 
0.0386 
0.4088 
0.7049 
0.8683 
0.4725 
0.2696 
0.7936 
0.8860 
0.3800 
0.7446 
0.4387 
0.1176 
0.6086 
0.1971 
0.8670 
0.7663 
0.2910 
0.8472 
0.4293 
0.8186 
0.0885 
1.0000 
0.0000 
0.9406 
0.4383 
0.8425 
0.1398 
0.7385 
0.1769 
0.4070 
0.1238 
0.2904 
0.0236 
0.0120 
0.4452 
0.8836 
0.4637 
0.6890 
0.1998 
0.8242 
0.1744 
0.1617 
0.6895 
0.0169 
0.3775 
0.9377 
0.2638 
0.1001 
0.8338 
0.0445 
0.3536 
0.8540 
0.1723 
0.7212 
0.2933 
0.1048 
0.5119 
0.8741 
0.2769 
0.3438 
0.6825 
0.2720 
0.8066 
0.6094 
0.1249 
0.0279 
0.2693 
0.9607 
0.6991 
0.8600 
0.5047 
0.9036 
0.6251 
0.6512 
0.1787 
0.3441 
0.8466 
0.5841 
0.0425 
0.9009 
0.1595 
0.2631 
0.6168 
0.7964 
0.3597 
0.5622 
0.2051 
0.8981 
0.2005 
0.7931 
0.5305 
0.4913 
0.2005 
0.0792 
0.5890 
0.8699 
0.2703 
0.2931 
0.0706 
0.8788 
0.0000 
1.0000 
0.2659 
0.0433 
1.0000 
0.6807 
0.9921 
0.0986 
0.7065 
0.8076 
0.0446 
0.8290 
0.2479 
0.0836 
1.0000 
0.1907 
0.5909 
0.1671 
0.0087 
0.0060 
1.0000 
0.3362 
0.1186 
0.8911 
0.4257 
0.0127 
1.0000 
0.9507 
0.6673 
0.2154 
0.0234 
0.0419 
0.9003 
0.2506 
0.7936 
0.1326 
0.8575 
0.7678 
0.1367 
1.0000 
0.1557 
0.0882 
0.7783 
0.9023 
0.0802 
0.5563 
0.1990 
0.8806 
0.4007 
0.8379 
0.0860 
0.3433 
0.0851 
0.1388 
0.0200 
0.5938 
0.1765 
0.9618 
0.0000 
0.2506 
0.9072 
0.8889 
0.2709 
0.3665 
0.7908 
0.9206 
0.4408 
0.6948 
0.0000 
0.6919 
0.2587 
0.0807 
0.7862 
0.0259 
1.0000 
0.9201 
0.2923 
0.5960 
0.1444 
0.7448 
0.1928 
0.8575 
0.2148 
0.3734 
0.0808 
0.9205 
0.3181 
0.8514 
0.6709 
0.8271 
0.4104 
0.6222 
0.3699 
0.1654 
0.9003 
0.0615 
0.8005 
0.9261 
0.0000 
0.1540 
0.4329 
0.3728 
0.0410 
0.9859 
0.6719 
0.8005 
0.0192 
1.0000 
0.0000 
0.4332 
0.0356 
0.8645 
0.4434 
0.0174 
0.2543 
0.5225 
0.0799 
0.0044 
1.0000 
0.0040 
1.0000 
0.2506 
0.6673 
0.2292 
0.0493 
0.9585 
0.2278 
0.9573 
0.0000 
0.1458 
0.7592 
0.0133 
0.5008 
0.0336 
0.2397 
0.6073 
0.1340 
0.1105 
1.0000 
0.8208 
0.0528 
0.0645 
0.4553 
0.7843 
0.9443 
0.7189 
0.3204 
0.4571 
0.1365 
0.9261 
0.0000 
0.1067 
0.6611 
0.6082 
0.1873 
0.0473 
0.2830 
0.4414 
0.0967 
0.0190 
0.5392 
0.6478 
0.1164 
0.9654 
0.6245 
0.9027 
0.2506 
0.7637 
0.1994 
0.9259 
0.2733 
0.7342 
0.2088 
0.0174 
1.0000 
0.9507 
0.6309 
0.6007 
0.0512 
0.8892 
0.2863 
0.2476 
0.8005 
0.6007 
0.0627 
0.9321 
0.2765 
0.6402 
0.9058 
0.7926 
0.4763 
0.9489 
0.3947 
0.8640 
0.2692 
0.7092 
0.2295 
0.4182 
0.0000 
0.6529 
0.1020 
0.2545 
0.0262 
0.9805 
0.0000 
0.3551 
0.0877 
0.6626 
0.2534 
0.0344 
1.0000 
0.9928 
0.6673 
1.0000 
0.0129 
0.0257 
1.0000 
0.8825 
0.0000 
0.0117 
1.0000 
0.0452 
1.0000 
0.0030 
1.0000 
0.4653 
0.1334 
0.1850 
0.7733 
0.0330 
0.6673 
0.9811 
0.0000 
0.9658 
0.5563 
0.1304 
1.0000 
0.0107 
1.0000 
0.0315 
0.8753 
0.1409 
0.9413 
0.0872 
1.0000 
0.8848 
0.3555 
0.0486 
0.5008 
0.4730 
0.9824 
0.9926 
0.7744 
0.8482 
0.4808 
0.5770 
0.1481 
0.0000 
0.6627 
0.0966 
0.5008 
0.9467 
0.2506 
0.1823 
0.7978 
0.8005 
0.1114 
0.6371 
0.0424 
0.6184 
0.1608 
0.0820 
0.7783 
0.0182 
0.6673 
0.0933 
0.7783 
0.9663 
0.1003 
0.3942 
0.9751 
0.9169 
0.3340 
0.1213 
0.7090 
0.9364 
0.4490 
0.7664 
0.1114 
0.9586 
0.5392 
0.9220 
0.5462 
0.2506 
0.0090 
0.9423 
0.3578 
0.5229 
0.9249 
0.9362 
0.7388 
0.8216 
0.1909 
0.5792 
0.1114 
0.9653 
0.0000 
0.0885 
0.4361 
0.8945 
0.4767 
0.4837 
0.1432 
0.7506 
0.0712 
0.0233 
1.0000 
1.0000 
0.0000 
0.0683 
1.0000 
0.6184 
0.1671 
0.0322 
1.0000 
1.0000 
0.0000 
0.0104 
1.0000 
0.9108 
0.0771 
0.0231 
1.0000 
0.9169 
0.2863 
0.6198 
0.0851 
0.6545 
0.1351 
0.3340 
0.0227 
0.9858 
0.0000 
0.9681 
0.0000 
0.0528 
0.5765 
0.0291 
0.7279 
0.1114 
1.0000 
0.9089 
0.0000 
0.1977 
0.0077 
0.9911 
0.0000 
0.9951 
0.0000 
0.9270 
0.3947 
0.9003 
0.0000 
0.6436 
0.0759 
0.9683 
0.4007 
0.5563 
0.0223 
0.0381 
0.8575 
0.0836 
0.5491 
0.0730 
1.0000 
0.0174 
0.6257 
0.0716 
1.0000 
0.9689 
0.4138 
0.9309 
0.1542 
0.4408 
0.0608 
0.9414 
0.0000 
0.7023 
0.9264 
0.9643 
0.0000 
0.9461 
0.2506 
0.0000 
0.5008 
0.9575 
0.7527 
0.4044 
0.8504 
0.9389 
0.0000 
0.8126 
0.2698 
0.5548 
0.8760 
0.6798 
0.0557 
0.9824 
0.0000 
0.0608 
1.0000 
0.2919 
0.7733 
0.9210 
0.0000 
0.5828 
0.0313 
0.3914 
0.8360 
0.0442 
0.5008 
0.6673 
0.0176 
0.0456 
0.4007 
0.1432 
1.0000 
0.0277 
1.0000 
0.0000 
0.5008 
0.9478 
0.6371 
0.0156 
1.0000 
0.5302 
0.0463 
0.0908 
0.9233 
0.2506 
0.0096 
0.9905 
0.0000 
0.9780 
0.6673 
0.0279 
1.0000 
0.0799 
1.0000 
0.9475 
0.1003 
0.0039 
1.0000 
0.9975 
0.0000 
0.9209 
0.2506 
0.0658 
1.0000 
0.9761 
0.0000 
0.0075 
1.0000 
0.0227 
0.1845 
0.5008 
0.0488 
0.0662 
1.0000 
0.0163 
0.6161 
0.0209 
0.2339 
0.9705 
0.4846 
0.9524 
0.5413 
0.0086 
0.4383 
0.9676 
0.7653 
0.7716 
0.4274 
0.9646 
0.2506 
0.9701 
0.2005 
0.9662 
0.6417 
0.4293 
0.8905 
0.6064 
0.2532 
0.9765 
0.8114 
0.7551 
0.9288 
0.7418 
0.0590 
0.9911 
0.0000 
0.7653 
0.1982 
0.9396 
0.0000 
0.8274 
0.4276 
0.2650 
0.7611 
0.0321 
0.6673 
0.0148 
1.0000 
0.0370 
0.6673 
0.0165 
0.6257 
0.9708 
0.5563 
0.0078 
1.0000 
0.0364 
1.0000 
0.3263 
0.0371 
0.5008 
0.0073 
0.9828 
0.0000 
0.0217 
0.2506 
0.0102 
0.5341 
0.9887 
0.7279 
0.0000 
1.0000 
1.0000 
0.0000 
0.9433 
0.0000 
0.0554 
1.0000 
0.9839 
0.0000 
0.0000 
1.0000 
0.0194 
1.0000 
0.8753 
0.0828 
1.0000 
0.0353 
0.0570 
1.0000 
0.0160 
1.0000 
0.0158 
1.0000 
0.9720 
0.5797 
0.9683 
0.7006 
0.0000 
1.0000 
0.9719 
0.0000 
0.7884 
0.0000 
0.8040 
0.0000 
0.9856 
0.0000 
0.9730 
0.0000 
0.9808 
0.8104 
0.9777 
0.0000 
0.8772 
0.4293 
0.9213 
0.3831 
0.9430 
0.4293 
0.7867 
0.0912 
1.0000 
0.0000 
0.9589 
0.0000 
0.4042 
0.0960 
0.0197 
0.6673 
0.0089 
0.6673 
0.0325 
1.0000 
0.0143 
0.2506 
0.9770 
0.3340 
1.0000 
0.0211 
0.0219 
0.5008 
0.0049 
0.5008 
0.9852 
0.0000 
0.0153 
0.1227 
0.9943 
0.0000 
0.9510 
0.0000 
0.0421 
1.0000 
0.0178 
0.6673 
0.5008 
0.0405 
0.0215 
1.0000 
0.2673 
0.0306 
0.1064 
0.0116 
0.9726 
0.2506 
0.9776 
0.2506 
0.9779 
0.0000 
0.7141 
0.9701 
0.9842 
0.7581 
0.9858 
0.7747 
0.9801 
0.0000 
0.9108 
0.3853 
0.9547 
0.0000 
0.8690 
0.2733 
0.9688 
0.0000 
0.1694 
0.7912 
0.0132 
1.0000 
0.0062 
0.0771 
0.0280 
1.0000 
0.0096 
0.5008 
0.0107 
1.0000 
0.0165 
1.0000 
0.0025 
0.2005 
0.9877 
0.3340 
0.0118 
0.1935 
0.0704 
0.6478 
0.9668 
0.0000 
0.5563 
0.0288 
0.0161 
0.6673 
0.0144 
1.0000 
0.0173 
0.3853 
0.0308 
0.3139 
0.0112 
0.6007 
0.9844 
0.9463 
0.9807 
0.0000 
0.9813 
0.5008 
0.7549 
0.0000 
0.9799 
0.0000 
0.9873 
0.0000 
0.9866 
0.0000 
0.9898 
0.6198 
0.9394 
0.3340 
0.9842 
0.0000 
0.0066 
1.0000 
0.0031 
0.5008 
0.0072 
1.0000 
0.0054 
1.0000 
0.0000 
1.0000 
0.9901 
0.0000 
0.0094 
0.7006 
0.0423 
1.0000 
0.9749 
0.0000 
0.2005 
0.0096 
0.0145 
0.6673 
0.1671 
0.0075 
0.0145 
1.0000 
0.0090 
1.0000 
0.0110 
1.0000 
0.9857 
0.7506 
0.9617 
0.5841 
0.9839 
0.0000 
0.9865 
0.4007 
0.8054 
0.0000 
0.9905 
0.0000 
0.9874 
0.0000 
0.9911 
0.0000 
0.9549 
0.2506 
0.9947 
0.0000 
0.0048 
0.5008 
0.0073 
0.4623 
0.0251 
0.5008 
0.1003 
0.0034 
0.0136 
1.0000 
0.0000 
1.0000 
0.0087 
1.0000 
0.0501 
0.0091 
0.9863 
0.4293 
0.9661 
0.4098 
0.3578 
0.9003 
0.9871 
0.0000 
0.9916 
0.8540 
0.8456 
0.1114 
0.9905 
0.3340 
0.9948 
0.8130 
0.9712 
0.2506 
0.0057 
0.0809 
0.0189 
1.0000 
0.0000 
1.0000 
0.0128 
1.0000 
0.0307 
1.0000 
0.0090 
1.0000 
0.9867 
0.0000 
0.9746 
0.4573 
0.9886 
0.6673 
0.9943 
0.8240 
0.8831 
0.3006 
0.9944 
0.6673 
0.9960 
0.8753 
0.9768 
0.0000 
0.0050 
0.3340 
0.0000 
0.7506 
0.0119 
1.0000 
0.0209 
0.5008 
0.0766 
0.0072 
0.9873 
0.3340 
0.9767 
0.0000 
0.9935 
0.2506 
0.9952 
0.8575 
0.9081 
0.0000 
0.9960 
0.0000 
0.9974 
0.0000 
0.9825 
0.0000 
0.0047 
0.1432 
0.0097 
0.0813 
0.0106 
0.7506 
0.0524 
1.0000 
0.0130 
0.0013 
0.9881 
0.0000 
0.9788 
0.2506 
0.9967 
0.8186 
0.9962 
0.0000 
0.9345 
0.0000 
0.0040 
0.0912 
0.0079 
0.6673 
0.0036 
0.2228 
0.0399 
1.0000 
0.0124 
0.3340 
0.0137 
0.0004 
0.9885 
0.0000 
0.9799 
0.4007 
0.9983 
0.0000 
0.9971 
0.0000 
0.9479 
0.3340 
0.0029 
0.0792 
0.0071 
0.5008 
0.0000 
1.0000 
0.0203 
1.0000 
0.0120 
1.0000 
0.0092 
1.0000 
0.9891 
0.0000 
0.9813 
0.0000 
0.9981 
0.0000 
0.9622 
0.0000 
0.0026 
1.0000 
0.0062 
1.0000 
0.0071 
0.2863 
0.0101 
0.0650 
0.0047 
0.2506 
0.9894 
0.0000 
0.9830 
0.7506 
0.0015 
0.0358 
0.0000 
1.0000 
0.0094 
1.0000 
0.0386 
0.7506 
0.0000 
1.0000 
0.9897 
0.0000 
0.9851 
0.7006 
0.0126 
0.0004 
0.0087 
0.2863 
0.0197 
1.0000 
0.9925 
0.7770 
0.9859 
0.6007 
0.0000 
0.0066 
0.0084 
0.2506 
0.0099 
1.0000 
0.9929 
0.0000 
0.9876 
0.8280 
0.0000 
1.0000 
0.0305 
0.0034 
0.0000 
1.0000 
0.9932 
0.0000 
0.9890 
0.7900 
0.0212 
0.8338 
0.0173 
0.0015 
0.9935 
0.0000 
0.9897 
0.6007 
0.0139 
1.0000 
0.9968 
0.9783 
0.9953 
0.9490 
0.9832 
0.7149 
0.9754 
0.6903 
0.9866 
0.6673 
0.9893 
0.2005 
0.9901 
0.4293 
0.9968 
0.9508 
0.9686 
0.0000 
0.9809 
0.0000 
0.9872 
0.0000 
} 
node_vars: {
0.5000 
0.3045 
0.2090 
0.2271 
0.3297 
0.4597 
0.1542 
0.1335 
0.4022 
0.3582 
0.2498 
0.3248 
0.2173 
0.2482 
0.0477 
0.1051 
0.3553 
0.3266 
0.3358 
0.1275 
0.4647 
0.4879 
0.1619 
0.4416 
0.1513 
0.1532 
0.3517 
0.1397 
0.3741 
0.0437 
0.4224 
0.0924 
0.4081 
0.2705 
0.3976 
0.1415 
0.3989 
0.2646 
0.4900 
0.0398 
0.3660 
0.2804 
0.2830 
0.3739 
0.3015 
0.0662 
0.2661 
0.3638 
0.2216 
0.0967 
0.4835 
0.1270 
0.3604 
0.0453 
0.4270 
0.0898 
0.3730 
0.4166 
0.1864 
0.0421 
0.2772 
0.0651 
0.2203 
0.4059 
0.2076 
0.1633 
0.4709 
0.3295 
0.3137 
0.1224 
0.2888 
0.3444 
0.2704 
0.2146 
0.4039 
0.3039 
0.1723 
0.0101 
0.3441 
0.3906 
0.1308 
0.1075 
0.3340 
0.3564 
0.1894 
0.2975 
0.1852 
0.3246 
0.2195 
0.1544 
0.0233 
0.3151 
0.2290 
0.2254 
0.3340 
0.0980 
0.3164 
0.0760 
0.3955 
0.2983 
0.0418 
0.1069 
0.3327 
0.0700 
0.4388 
0.4040 
0.1487 
0.1822 
0.4163 
0.4159 
0.1529 
0.0400 
0.3921 
0.0426 
0.2554 
0.1294 
0.4116 
0.4488 
0.0875 
0.4095 
0.0926 
0.1384 
0.0386 
0.4088 
0.2951 
0.1317 
0.4725 
0.2696 
0.2064 
0.1140 
0.3800 
0.2554 
0.4387 
0.1176 
0.3914 
0.1971 
0.1330 
0.2337 
0.2910 
0.1528 
0.4293 
0.1814 
0.0885 
0.0000 
0.0000 
0.0594 
0.4383 
0.1575 
0.1398 
0.2615 
0.1769 
0.4070 
0.1238 
0.2904 
0.0236 
0.0120 
0.4452 
0.1164 
0.4637 
0.3110 
0.1998 
0.1758 
0.1744 
0.1617 
0.3105 
0.0169 
0.3775 
0.0623 
0.2638 
0.1001 
0.1662 
0.0445 
0.3536 
0.1460 
0.1723 
0.2788 
0.2933 
0.1048 
0.4881 
0.1259 
0.2769 
0.3438 
0.3175 
0.2720 
0.1934 
0.3906 
0.1249 
0.0279 
0.2693 
0.0393 
0.3009 
0.1400 
0.4953 
0.0964 
0.3749 
0.3488 
0.1787 
0.3441 
0.1534 
0.4159 
0.0425 
0.0991 
0.1595 
0.2631 
0.3832 
0.2036 
0.3597 
0.4378 
0.2051 
0.1019 
0.2005 
0.2069 
0.4695 
0.4913 
0.2005 
0.0792 
0.4110 
0.1301 
0.2703 
0.2931 
0.0706 
0.1212 
0.0000 
0.0000 
0.2659 
0.0433 
0.0000 
0.3193 
0.0079 
0.0986 
0.2935 
0.1924 
0.0446 
0.1710 
0.2479 
0.0836 
0.0000 
0.1907 
0.4091 
0.1671 
0.0087 
0.0060 
0.0000 
0.3362 
0.1186 
0.1089 
0.4257 
0.0127 
0.0000 
0.0493 
0.3327 
0.2154 
0.0234 
0.0419 
0.0997 
0.2506 
0.2064 
0.1326 
0.1425 
0.2322 
0.1367 
0.0000 
0.1557 
0.0882 
0.2217 
0.0977 
0.0802 
0.4437 
0.1990 
0.1194 
0.4007 
0.1621 
0.0860 
0.3433 
0.0851 
0.1388 
0.0200 
0.4062 
0.1765 
0.0382 
0.0000 
0.2506 
0.0928 
0.1111 
0.2709 
0.3665 
0.2092 
0.0794 
0.4408 
0.3052 
0.0000 
0.3081 
0.2587 
0.0807 
0.2138 
0.0259 
0.0000 
0.0799 
0.2923 
0.4040 
0.1444 
0.2552 
0.1928 
0.1425 
0.2148 
0.3734 
0.0808 
0.0795 
0.3181 
0.1486 
0.3291 
0.1729 
0.4104 
0.3778 
0.3699 
0.1654 
0.0997 
0.0615 
0.1995 
0.0739 
0.0000 
0.1540 
0.4329 
0.3728 
0.0410 
0.0141 
0.3281 
0.1995 
0.0192 
0.0000 
0.0000 
0.4332 
0.0356 
0.1355 
0.4434 
0.0174 
0.2543 
0.4775 
0.0799 
0.0044 
0.0000 
0.0040 
0.0000 
0.2506 
0.3327 
0.2292 
0.0493 
0.0415 
0.2278 
0.0427 
0.0000 
0.1458 
0.2408 
0.0133 
0.4992 
0.0336 
0.2397 
0.3927 
0.1340 
0.1105 
0.0000 
0.1792 
0.0528 
0.0645 
0.4553 
0.2157 
0.0557 
0.2811 
0.3204 
0.4571 
0.1365 
0.0739 
0.0000 
0.1067 
0.3389 
0.3918 
0.1873 
0.0473 
0.2830 
0.4414 
0.0967 
0.0190 
0.4608 
0.3522 
0.1164 
0.0346 
0.3755 
0.0973 
0.2506 
0.2363 
0.1994 
0.0741 
0.2733 
0.2658 
0.2088 
0.0174 
0.0000 
0.0493 
0.3691 
0.3993 
0.0512 
0.1108 
0.2863 
0.2476 
0.1995 
0.3993 
0.0627 
0.0679 
0.2765 
0.3598 
0.0942 
0.2074 
0.4763 
0.0511 
0.3947 
0.1360 
0.2692 
0.2908 
0.2295 
0.4182 
0.0000 
0.3471 
0.1020 
0.2545 
0.0262 
0.0195 
0.0000 
0.3551 
0.0877 
0.3374 
0.2534 
0.0344 
0.0000 
0.0072 
0.3327 
0.0000 
0.0129 
0.0257 
0.0000 
0.1175 
0.0000 
0.0117 
0.0000 
0.0452 
0.0000 
0.0030 
0.0000 
0.4653 
0.1334 
0.1850 
0.2267 
0.0330 
0.3327 
0.0189 
0.0000 
0.0342 
0.4437 
0.1304 
0.0000 
0.0107 
0.0000 
0.0315 
0.1247 
0.1409 
0.0587 
0.0872 
0.0000 
0.1152 
0.3555 
0.0486 
0.4992 
0.4730 
0.0176 
0.0074 
0.2256 
0.1518 
0.4808 
0.4230 
0.1481 
0.0000 
0.3373 
0.0966 
0.4992 
0.0533 
0.2506 
0.1823 
0.2022 
0.1995 
0.1114 
0.3629 
0.0424 
0.3816 
0.1608 
0.0820 
0.2217 
0.0182 
0.3327 
0.0933 
0.2217 
0.0337 
0.1003 
0.3942 
0.0249 
0.0831 
0.3340 
0.1213 
0.2910 
0.0636 
0.4490 
0.2336 
0.1114 
0.0414 
0.4608 
0.0780 
0.4538 
0.2506 
0.0090 
0.0577 
0.3578 
0.4771 
0.0751 
0.0638 
0.2612 
0.1784 
0.1909 
0.4208 
0.1114 
0.0347 
0.0000 
0.0885 
0.4361 
0.1055 
0.4767 
0.4837 
0.1432 
0.2494 
0.0712 
0.0233 
0.0000 
0.0000 
0.0000 
0.0683 
0.0000 
0.3816 
0.1671 
0.0322 
0.0000 
0.0000 
0.0000 
0.0104 
0.0000 
0.0892 
0.0771 
0.0231 
0.0000 
0.0831 
0.2863 
0.3802 
0.0851 
0.3455 
0.1351 
0.3340 
0.0227 
0.0142 
0.0000 
0.0319 
0.0000 
0.0528 
0.4235 
0.0291 
0.2721 
0.1114 
0.0000 
0.0911 
0.0000 
0.1977 
0.0077 
0.0089 
0.0000 
0.0049 
0.0000 
0.0730 
0.3947 
0.0997 
0.0000 
0.3564 
0.0759 
0.0317 
0.4007 
0.4437 
0.0223 
0.0381 
0.1425 
0.0836 
0.4509 
0.0730 
0.0000 
0.0174 
0.3743 
0.0716 
0.0000 
0.0311 
0.4138 
0.0691 
0.1542 
0.4408 
0.0608 
0.0586 
0.0000 
0.2977 
0.0736 
0.0357 
0.0000 
0.0539 
0.2506 
0.0000 
0.4992 
0.0425 
0.2473 
0.4044 
0.1496 
0.0611 
0.0000 
0.1874 
0.2698 
0.4452 
0.1240 
0.3202 
0.0557 
0.0176 
0.0000 
0.0608 
0.0000 
0.2919 
0.2267 
0.0790 
0.0000 
0.4172 
0.0313 
0.3914 
0.1640 
0.0442 
0.4992 
0.3327 
0.0176 
0.0456 
0.4007 
0.1432 
0.0000 
0.0277 
0.0000 
0.0000 
0.4992 
0.0522 
0.3629 
0.0156 
0.0000 
0.4698 
0.0463 
0.0908 
0.0767 
0.2506 
0.0096 
0.0095 
0.0000 
0.0220 
0.3327 
0.0279 
0.0000 
0.0799 
0.0000 
0.0525 
0.1003 
0.0039 
0.0000 
0.0025 
0.0000 
0.0791 
0.2506 
0.0658 
0.0000 
0.0239 
0.0000 
0.0075 
0.0000 
0.0227 
0.1845 
0.4992 
0.0488 
0.0662 
0.0000 
0.0163 
0.3839 
0.0209 
0.2339 
0.0295 
0.4846 
0.0476 
0.4587 
0.0086 
0.4383 
0.0324 
0.2347 
0.2284 
0.4274 
0.0354 
0.2506 
0.0299 
0.2005 
0.0338 
0.3583 
0.4293 
0.1095 
0.3936 
0.2532 
0.0235 
0.1886 
0.2449 
0.0712 
0.2582 
0.0590 
0.0089 
0.0000 
0.2347 
0.1982 
0.0604 
0.0000 
0.1726 
0.4276 
0.2650 
0.2389 
0.0321 
0.3327 
0.0148 
0.0000 
0.0370 
0.3327 
0.0165 
0.3743 
0.0292 
0.4437 
0.0078 
0.0000 
0.0364 
0.0000 
0.3263 
0.0371 
0.4992 
0.0073 
0.0172 
0.0000 
0.0217 
0.2506 
0.0102 
0.4659 
0.0113 
0.2721 
0.0000 
0.0000 
0.0000 
0.0000 
0.0567 
0.0000 
0.0554 
0.0000 
0.0161 
0.0000 
0.0000 
0.0000 
0.0194 
0.0000 
0.1247 
0.0828 
0.0000 
0.0353 
0.0570 
0.0000 
0.0160 
0.0000 
0.0158 
0.0000 
0.0280 
0.4203 
0.0317 
0.2994 
0.0000 
0.0000 
0.0281 
0.0000 
0.2116 
0.0000 
0.1960 
0.0000 
0.0144 
0.0000 
0.0270 
0.0000 
0.0192 
0.1896 
0.0223 
0.0000 
0.1228 
0.4293 
0.0787 
0.3831 
0.0570 
0.4293 
0.2133 
0.0912 
0.0000 
0.0000 
0.0411 
0.0000 
0.4042 
0.0960 
0.0197 
0.3327 
0.0089 
0.3327 
0.0325 
0.0000 
0.0143 
0.2506 
0.0230 
0.3340 
0.0000 
0.0211 
0.0219 
0.4992 
0.0049 
0.4992 
0.0148 
0.0000 
0.0153 
0.1227 
0.0057 
0.0000 
0.0490 
0.0000 
0.0421 
0.0000 
0.0178 
0.3327 
0.4992 
0.0405 
0.0215 
0.0000 
0.2673 
0.0306 
0.1064 
0.0116 
0.0274 
0.2506 
0.0224 
0.2506 
0.0221 
0.0000 
0.2859 
0.0299 
0.0158 
0.2419 
0.0142 
0.2253 
0.0199 
0.0000 
0.0892 
0.3853 
0.0453 
0.0000 
0.1310 
0.2733 
0.0312 
0.0000 
0.1694 
0.2088 
0.0132 
0.0000 
0.0062 
0.0771 
0.0280 
0.0000 
0.0096 
0.4992 
0.0107 
0.0000 
0.0165 
0.0000 
0.0025 
0.2005 
0.0123 
0.3340 
0.0118 
0.1935 
0.0704 
0.3522 
0.0332 
0.0000 
0.4437 
0.0288 
0.0161 
0.3327 
0.0144 
0.0000 
0.0173 
0.3853 
0.0308 
0.3139 
0.0112 
0.3993 
0.0156 
0.0537 
0.0193 
0.0000 
0.0187 
0.4992 
0.2451 
0.0000 
0.0201 
0.0000 
0.0127 
0.0000 
0.0134 
0.0000 
0.0102 
0.3802 
0.0606 
0.3340 
0.0158 
0.0000 
0.0066 
0.0000 
0.0031 
0.4992 
0.0072 
0.0000 
0.0054 
0.0000 
0.0000 
0.0000 
0.0099 
0.0000 
0.0094 
0.2994 
0.0423 
0.0000 
0.0251 
0.0000 
0.2005 
0.0096 
0.0145 
0.3327 
0.1671 
0.0075 
0.0145 
0.0000 
0.0090 
0.0000 
0.0110 
0.0000 
0.0143 
0.2494 
0.0383 
0.4159 
0.0161 
0.0000 
0.0135 
0.4007 
0.1946 
0.0000 
0.0095 
0.0000 
0.0126 
0.0000 
0.0089 
0.0000 
0.0451 
0.2506 
0.0053 
0.0000 
0.0048 
0.4992 
0.0073 
0.4623 
0.0251 
0.4992 
0.1003 
0.0034 
0.0136 
0.0000 
0.0000 
0.0000 
0.0087 
0.0000 
0.0501 
0.0091 
0.0137 
0.4293 
0.0339 
0.4098 
0.3578 
0.0997 
0.0129 
0.0000 
0.0084 
0.1460 
0.1544 
0.1114 
0.0095 
0.3340 
0.0052 
0.1870 
0.0288 
0.2506 
0.0057 
0.0809 
0.0189 
0.0000 
0.0000 
0.0000 
0.0128 
0.0000 
0.0307 
0.0000 
0.0090 
0.0000 
0.0133 
0.0000 
0.0254 
0.4573 
0.0114 
0.3327 
0.0057 
0.1760 
0.1169 
0.3006 
0.0056 
0.3327 
0.0040 
0.1247 
0.0232 
0.0000 
0.0050 
0.3340 
0.0000 
0.2494 
0.0119 
0.0000 
0.0209 
0.4992 
0.0766 
0.0072 
0.0127 
0.3340 
0.0233 
0.0000 
0.0065 
0.2506 
0.0048 
0.1425 
0.0919 
0.0000 
0.0040 
0.0000 
0.0026 
0.0000 
0.0175 
0.0000 
0.0047 
0.1432 
0.0097 
0.0813 
0.0106 
0.2494 
0.0524 
0.0000 
0.0130 
0.0013 
0.0119 
0.0000 
0.0212 
0.2506 
0.0033 
0.1814 
0.0038 
0.0000 
0.0655 
0.0000 
0.0040 
0.0912 
0.0079 
0.3327 
0.0036 
0.2228 
0.0399 
0.0000 
0.0124 
0.3340 
0.0137 
0.0004 
0.0115 
0.0000 
0.0201 
0.4007 
0.0017 
0.0000 
0.0029 
0.0000 
0.0521 
0.3340 
0.0029 
0.0792 
0.0071 
0.4992 
0.0000 
0.0000 
0.0203 
0.0000 
0.0120 
0.0000 
0.0092 
0.0000 
0.0109 
0.0000 
0.0187 
0.0000 
0.0019 
0.0000 
0.0378 
0.0000 
0.0026 
0.0000 
0.0062 
0.0000 
0.0071 
0.2863 
0.0101 
0.0650 
0.0047 
0.2506 
0.0106 
0.0000 
0.0170 
0.2494 
0.0015 
0.0358 
0.0000 
0.0000 
0.0094 
0.0000 
0.0386 
0.2494 
0.0000 
0.0000 
0.0103 
0.0000 
0.0149 
0.2994 
0.0126 
0.0004 
0.0087 
0.2863 
0.0197 
0.0000 
0.0075 
0.2230 
0.0141 
0.3993 
0.0000 
0.0066 
0.0084 
0.2506 
0.0099 
0.0000 
0.0071 
0.0000 
0.0124 
0.1720 
0.0000 
0.0000 
0.0305 
0.0034 
0.0000 
0.0000 
0.0068 
0.0000 
0.0110 
0.2100 
0.0212 
0.1662 
0.0173 
0.0015 
0.0065 
0.0000 
0.0103 
0.3993 
0.0139 
0.0000 
0.0032 
0.0217 
0.0047 
0.0510 
0.0168 
0.2851 
0.0246 
0.3097 
0.0134 
0.3327 
0.0107 
0.2005 
0.0099 
0.4293 
0.0032 
0.0492 
0.0314 
0.0000 
0.0191 
0.0000 
0.0128 
0.0000 
} 
node_children_left: {
2 
4 
6 
8 
10 
12 
14 
16 
18 
20 
22 
24 
26 
28 
30 
32 
34 
36 
38 
40 
42 
44 
46 
48 
50 
52 
54 
56 
58 
60 
0 
62 
64 
66 
68 
70 
72 
74 
76 
78 
80 
82 
84 
86 
88 
90 
92 
94 
96 
98 
100 
102 
0 
0 
0 
104 
106 
108 
110 
112 
0 
114 
116 
118 
120 
122 
124 
126 
128 
130 
0 
132 
134 
136 
138 
140 
142 
144 
0 
0 
0 
146 
0 
0 
148 
150 
0 
0 
152 
154 
156 
158 
160 
162 
164 
166 
0 
168 
0 
0 
0 
170 
0 
172 
174 
176 
178 
180 
182 
184 
186 
188 
0 
190 
192 
194 
196 
198 
0 
0 
200 
202 
0 
204 
206 
0 
0 
208 
0 
210 
0 
212 
214 
216 
218 
220 
0 
0 
0 
222 
224 
0 
226 
0 
0 
228 
0 
0 
230 
232 
0 
234 
236 
238 
240 
242 
0 
0 
0 
0 
244 
246 
0 
0 
0 
248 
0 
250 
0 
252 
0 
254 
256 
0 
258 
260 
262 
264 
0 
266 
0 
268 
270 
0 
0 
272 
274 
276 
278 
280 
282 
284 
286 
288 
290 
292 
294 
0 
0 
0 
296 
298 
0 
300 
302 
304 
0 
0 
306 
308 
0 
310 
312 
314 
316 
318 
0 
320 
0 
322 
324 
326 
0 
0 
0 
328 
0 
0 
330 
332 
0 
334 
0 
0 
0 
336 
0 
338 
0 
0 
340 
342 
0 
344 
346 
348 
0 
0 
0 
350 
0 
352 
354 
356 
0 
358 
0 
360 
0 
362 
0 
0 
0 
364 
0 
366 
0 
368 
370 
372 
374 
0 
0 
376 
378 
380 
382 
0 
384 
386 
0 
0 
0 
388 
0 
390 
0 
392 
0 
0 
0 
394 
0 
0 
0 
396 
0 
398 
0 
0 
400 
0 
0 
402 
0 
404 
406 
408 
0 
410 
412 
414 
416 
418 
420 
422 
0 
424 
0 
426 
0 
428 
430 
0 
432 
434 
0 
0 
436 
0 
0 
0 
438 
440 
0 
442 
0 
0 
444 
0 
0 
446 
0 
448 
0 
450 
452 
454 
0 
456 
0 
458 
0 
460 
0 
462 
464 
0 
0 
466 
0 
468 
0 
470 
0 
472 
474 
476 
478 
480 
482 
484 
0 
0 
0 
486 
488 
490 
492 
0 
494 
496 
0 
0 
498 
500 
502 
504 
0 
0 
506 
508 
0 
510 
0 
0 
0 
512 
0 
0 
0 
514 
0 
0 
0 
0 
516 
518 
0 
520 
522 
524 
526 
528 
0 
0 
530 
532 
0 
534 
0 
0 
536 
0 
538 
540 
0 
0 
542 
0 
544 
546 
0 
548 
0 
0 
0 
550 
0 
552 
0 
0 
0 
554 
0 
0 
0 
556 
558 
560 
0 
562 
0 
564 
0 
566 
0 
568 
0 
0 
0 
570 
0 
572 
0 
0 
0 
574 
0 
576 
0 
0 
578 
580 
582 
584 
0 
0 
0 
0 
0 
586 
0 
588 
0 
0 
0 
0 
590 
0 
592 
0 
594 
596 
0 
598 
0 
600 
0 
602 
0 
0 
0 
604 
0 
606 
0 
608 
0 
610 
0 
612 
0 
614 
0 
0 
616 
618 
0 
620 
0 
622 
624 
626 
0 
628 
0 
630 
0 
632 
634 
636 
638 
640 
0 
0 
642 
644 
0 
0 
0 
646 
0 
0 
648 
650 
0 
0 
0 
652 
0 
654 
0 
656 
0 
0 
0 
0 
658 
0 
660 
0 
662 
664 
0 
666 
0 
0 
0 
668 
0 
670 
0 
672 
0 
0 
674 
0 
0 
676 
0 
0 
0 
678 
0 
0 
680 
682 
0 
0 
684 
686 
0 
688 
0 
690 
0 
692 
0 
694 
0 
696 
0 
698 
0 
0 
700 
702 
0 
704 
706 
708 
0 
0 
0 
0 
0 
710 
712 
714 
0 
716 
0 
0 
0 
0 
718 
720 
0 
722 
0 
0 
0 
724 
0 
726 
0 
728 
0 
730 
0 
732 
0 
0 
734 
736 
0 
0 
0 
738 
0 
0 
0 
740 
0 
742 
0 
0 
744 
746 
0 
0 
748 
0 
0 
750 
0 
752 
0 
754 
0 
756 
0 
758 
0 
760 
0 
762 
0 
764 
0 
766 
0 
768 
0 
770 
772 
0 
774 
776 
0 
778 
0 
780 
0 
782 
0 
784 
0 
786 
0 
788 
790 
792 
0 
794 
0 
796 
0 
798 
0 
0 
0 
0 
0 
800 
802 
804 
806 
808 
0 
810 
0 
0 
0 
812 
0 
0 
0 
814 
0 
816 
0 
818 
0 
820 
0 
822 
0 
824 
0 
0 
0 
826 
0 
0 
828 
0 
830 
832 
0 
834 
0 
0 
0 
836 
0 
0 
0 
0 
0 
838 
0 
840 
0 
0 
0 
0 
0 
842 
0 
0 
844 
0 
846 
848 
0 
850 
0 
0 
0 
852 
0 
854 
0 
0 
0 
856 
0 
0 
0 
858 
0 
0 
0 
860 
0 
862 
0 
864 
0 
866 
0 
0 
0 
868 
0 
870 
0 
0 
0 
872 
0 
874 
0 
876 
0 
878 
0 
880 
0 
882 
0 
0 
0 
0 
884 
886 
0 
888 
0 
890 
0 
892 
894 
0 
0 
896 
0 
898 
0 
900 
0 
0 
0 
902 
0 
0 
904 
906 
908 
910 
0 
912 
0 
914 
0 
916 
918 
920 
0 
922 
0 
924 
0 
926 
0 
0 
0 
0 
0 
928 
0 
0 
0 
930 
0 
932 
0 
0 
0 
934 
0 
936 
0 
0 
0 
938 
0 
940 
0 
942 
0 
944 
0 
946 
0 
0 
948 
950 
0 
952 
0 
954 
0 
956 
0 
958 
0 
960 
962 
964 
0 
966 
0 
968 
0 
0 
0 
970 
0 
972 
0 
974 
0 
976 
0 
978 
0 
0 
0 
0 
0 
980 
0 
0 
0 
0 
0 
0 
0 
982 
0 
984 
0 
0 
0 
0 
986 
988 
0 
0 
990 
992 
0 
0 
0 
994 
0 
996 
0 
998 
1000 
1002 
0 
1004 
0 
1006 
0 
0 
0 
1008 
0 
1010 
0 
1012 
0 
0 
0 
0 
0 
1014 
0 
1016 
0 
0 
1018 
1020 
0 
0 
0 
0 
0 
1022 
1024 
1026 
0 
1028 
0 
0 
0 
1030 
0 
1032 
0 
1034 
0 
1036 
0 
1038 
0 
1040 
0 
1042 
0 
1044 
0 
0 
0 
1046 
0 
1048 
0 
1050 
0 
1052 
0 
1054 
0 
1056 
0 
1058 
0 
1060 
0 
1062 
0 
1064 
0 
1066 
0 
1068 
0 
0 
0 
1070 
0 
1072 
0 
1074 
1076 
1078 
0 
1080 
0 
1082 
0 
1084 
0 
1086 
0 
0 
0 
0 
0 
0 
0 
1088 
0 
1090 
0 
1092 
0 
1094 
0 
1096 
1098 
1100 
0 
1102 
0 
1104 
0 
1106 
0 
1108 
0 
1110 
0 
1112 
0 
1114 
0 
1116 
0 
1118 
0 
1120 
0 
1122 
0 
1124 
0 
0 
0 
1126 
0 
1128 
0 
1130 
0 
1132 
0 
0 
0 
1134 
0 
1136 
0 
1138 
0 
1140 
0 
1142 
0 
0 
0 
0 
0 
1144 
0 
0 
0 
1146 
0 
1148 
1150 
1152 
0 
1154 
0 
1156 
0 
1158 
0 
0 
0 
1160 
0 
1162 
0 
0 
0 
1164 
0 
1166 
0 
0 
1168 
1170 
0 
1172 
0 
1174 
0 
1176 
0 
0 
1178 
1180 
0 
1182 
0 
1184 
0 
1186 
0 
0 
0 
1188 
1190 
0 
0 
1192 
0 
1194 
0 
0 
0 
1196 
0 
1198 
0 
1200 
0 
0 
0 
0 
1202 
0 
1204 
1206 
0 
1208 
0 
1210 
0 
0 
0 
1212 
0 
0 
1214 
1216 
0 
1218 
0 
0 
0 
} 
node_children_right: {
3
5
7
9
11
13
15
17
19
21
23
25
27
29
31
33
35
37
39
41
43
45
47
49
51
53
55
57
59
61
0
63
65
67
69
71
73
75
77
79
81
83
85
87
89
91
93
95
97
99
101
103
0
0
0
105
107
109
111
113
0
115
117
119
121
123
125
127
129
131
0
133
135
137
139
141
143
145
0
0
0
147
0
0
149
151
0
0
153
155
157
159
161
163
165
167
0
169
0
0
0
171
0
173
175
177
179
181
183
185
187
189
0
191
193
195
197
199
0
0
201
203
0
205
207
0
0
209
0
211
0
213
215
217
219
221
0
0
0
223
225
0
227
0
0
229
0
0
231
233
0
235
237
239
241
243
0
0
0
0
245
247
0
0
0
249
0
251
0
253
0
255
257
0
259
261
263
265
0
267
0
269
271
0
0
273
275
277
279
281
283
285
287
289
291
293
295
0
0
0
297
299
0
301
303
305
0
0
307
309
0
311
313
315
317
319
0
321
0
323
325
327
0
0
0
329
0
0
331
333
0
335
0
0
0
337
0
339
0
0
341
343
0
345
347
349
0
0
0
351
0
353
355
357
0
359
0
361
0
363
0
0
0
365
0
367
0
369
371
373
375
0
0
377
379
381
383
0
385
387
0
0
0
389
0
391
0
393
0
0
0
395
0
0
0
397
0
399
0
0
401
0
0
403
0
405
407
409
0
411
413
415
417
419
421
423
0
425
0
427
0
429
431
0
433
435
0
0
437
0
0
0
439
441
0
443
0
0
445
0
0
447
0
449
0
451
453
455
0
457
0
459
0
461
0
463
465
0
0
467
0
469
0
471
0
473
475
477
479
481
483
485
0
0
0
487
489
491
493
0
495
497
0
0
499
501
503
505
0
0
507
509
0
511
0
0
0
513
0
0
0
515
0
0
0
0
517
519
0
521
523
525
527
529
0
0
531
533
0
535
0
0
537
0
539
541
0
0
543
0
545
547
0
549
0
0
0
551
0
553
0
0
0
555
0
0
0
557
559
561
0
563
0
565
0
567
0
569
0
0
0
571
0
573
0
0
0
575
0
577
0
0
579
581
583
585
0
0
0
0
0
587
0
589
0
0
0
0
591
0
593
0
595
597
0
599
0
601
0
603
0
0
0
605
0
607
0
609
0
611
0
613
0
615
0
0
617
619
0
621
0
623
625
627
0
629
0
631
0
633
635
637
639
641
0
0
643
645
0
0
0
647
0
0
649
651
0
0
0
653
0
655
0
657
0
0
0
0
659
0
661
0
663
665
0
667
0
0
0
669
0
671
0
673
0
0
675
0
0
677
0
0
0
679
0
0
681
683
0
0
685
687
0
689
0
691
0
693
0
695
0
697
0
699
0
0
701
703
0
705
707
709
0
0
0
0
0
711
713
715
0
717
0
0
0
0
719
721
0
723
0
0
0
725
0
727
0
729
0
731
0
733
0
0
735
737
0
0
0
739
0
0
0
741
0
743
0
0
745
747
0
0
749
0
0
751
0
753
0
755
0
757
0
759
0
761
0
763
0
765
0
767
0
769
0
771
773
0
775
777
0
779
0
781
0
783
0
785
0
787
0
789
791
793
0
795
0
797
0
799
0
0
0
0
0
801
803
805
807
809
0
811
0
0
0
813
0
0
0
815
0
817
0
819
0
821
0
823
0
825
0
0
0
827
0
0
829
0
831
833
0
835
0
0
0
837
0
0
0
0
0
839
0
841
0
0
0
0
0
843
0
0
845
0
847
849
0
851
0
0
0
853
0
855
0
0
0
857
0
0
0
859
0
0
0
861
0
863
0
865
0
867
0
0
0
869
0
871
0
0
0
873
0
875
0
877
0
879
0
881
0
883
0
0
0
0
885
887
0
889
0
891
0
893
895
0
0
897
0
899
0
901
0
0
0
903
0
0
905
907
909
911
0
913
0
915
0
917
919
921
0
923
0
925
0
927
0
0
0
0
0
929
0
0
0
931
0
933
0
0
0
935
0
937
0
0
0
939
0
941
0
943
0
945
0
947
0
0
949
951
0
953
0
955
0
957
0
959
0
961
963
965
0
967
0
969
0
0
0
971
0
973
0
975
0
977
0
979
0
0
0
0
0
981
0
0
0
0
0
0
0
983
0
985
0
0
0
0
987
989
0
0
991
993
0
0
0
995
0
997
0
999
1001
1003
0
1005
0
1007
0
0
0
1009
0
1011
0
1013
0
0
0
0
0
1015
0
1017
0
0
1019
1021
0
0
0
0
0
1023
1025
1027
0
1029
0
0
0
1031
0
1033
0
1035
0
1037
0
1039
0
1041
0
1043
0
1045
0
0
0
1047
0
1049
0
1051
0
1053
0
1055
0
1057
0
1059
0
1061
0
1063
0
1065
0
1067
0
1069
0
0
0
1071
0
1073
0
1075
1077
1079
0
1081
0
1083
0
1085
0
1087
0
0
0
0
0
0
0
1089
0
1091
0
1093
0
1095
0
1097
1099
1101
0
1103
0
1105
0
1107
0
1109
0
1111
0
1113
0
1115
0
1117
0
1119
0
1121
0
1123
0
1125
0
0
0
1127
0
1129
0
1131
0
1133
0
0
0
1135
0
1137
0
1139
0
1141
0
1143
0
0
0
0
0
1145
0
0
0
1147
0
1149
1151
1153
0
1155
0
1157
0
1159
0
0
0
1161
0
1163
0
0
0
1165
0
1167
0
0
1169
1171
0
1173
0
1175
0
1177
0
0
1179
1181
0
1183
0
1185
0
1187
0
0
0
1189
1191
0
0
1193
0
1195
0
0
0
1197
0
1199
0
1201
0
0
0
0
1203
0
1205
1207
0
1209
0
1211
0
0
0
1213
0
0
1215
1217
0
1219
0
0
0
} 
