n_features: 576
n_nodes: 1103
node_features: {
103 
118 
479 
262 
238 
200 
480 
102 
415 
408 
143 
143 
95 
152 
189 
283 
172 
318 
223 
388 
0 
391 
262 
484 
251 
238 
392 
88 
182 
0 
288 
155 
11 
496 
473 
400 
560 
568 
168 
319 
303 
0 
230 
0 
335 
424 
275 
224 
344 
439 
487 
109 
150 
303 
0 
548 
424 
558 
446 
101 
197 
21 
0 
72 
566 
9 
19 
316 
168 
240 
0 
207 
134 
234 
0 
452 
0 
295 
444 
0 
499 
381 
0 
56 
27 
172 
0 
255 
524 
199 
199 
208 
0 
56 
1 
0 
413 
253 
0 
239 
214 
0 
252 
527 
0 
135 
0 
0 
11 
261 
559 
0 
381 
0 
516 
50 
0 
443 
0 
168 
375 
207 
0 
304 
0 
231 
0 
220 
159 
392 
212 
199 
0 
143 
136 
495 
541 
22 
0 
358 
0 
0 
0 
575 
0 
437 
451 
90 
0 
133 
129 
37 
50 
404 
191 
487 
88 
18 
302 
455 
0 
477 
158 
49 
0 
271 
0 
86 
0 
0 
216 
216 
232 
142 
0 
565 
0 
464 
0 
0 
0 
291 
440 
248 
343 
63 
0 
0 
0 
70 
272 
50 
428 
189 
485 
0 
288 
0 
0 
501 
208 
190 
0 
551 
0 
430 
275 
471 
227 
114 
0 
375 
303 
554 
0 
536 
0 
275 
0 
175 
542 
85 
0 
0 
0 
0 
0 
323 
0 
345 
335 
271 
0 
248 
0 
103 
0 
136 
109 
96 
0 
27 
447 
0 
0 
411 
445 
0 
86 
317 
0 
0 
0 
246 
0 
0 
182 
317 
0 
0 
0 
2 
0 
307 
0 
385 
0 
110 
0 
0 
0 
528 
0 
116 
0 
229 
0 
175 
0 
348 
175 
412 
0 
331 
0 
0 
0 
323 
0 
239 
0 
421 
92 
92 
222 
176 
319 
0 
0 
142 
352 
64 
165 
34 
341 
0 
0 
144 
0 
294 
0 
293 
0 
292 
0 
59 
0 
359 
0 
28 
0 
0 
0 
119 
0 
0 
100 
547 
0 
0 
0 
303 
253 
462 
0 
542 
0 
406 
0 
78 
0 
0 
0 
152 
11 
0 
0 
342 
534 
0 
425 
479 
294 
0 
0 
0 
0 
279 
0 
94 
0 
0 
0 
0 
160 
333 
527 
334 
468 
314 
0 
246 
0 
477 
0 
527 
0 
414 
94 
0 
48 
0 
445 
232 
0 
492 
0 
8 
0 
200 
0 
0 
0 
500 
493 
231 
0 
397 
0 
556 
0 
119 
0 
282 
0 
0 
0 
224 
0 
0 
60 
547 
0 
0 
0 
470 
0 
183 
438 
174 
0 
564 
187 
312 
318 
160 
519 
402 
0 
123 
0 
84 
0 
0 
0 
232 
41 
208 
0 
0 
288 
0 
0 
0 
0 
11 
0 
0 
546 
80 
0 
303 
0 
406 
0 
335 
33 
0 
550 
283 
467 
248 
0 
20 
0 
314 
0 
0 
0 
135 
0 
36 
0 
434 
0 
567 
200 
370 
459 
459 
383 
0 
0 
0 
0 
536 
555 
0 
107 
408 
0 
0 
383 
242 
293 
255 
0 
64 
0 
159 
0 
119 
216 
0 
0 
0 
0 
123 
0 
0 
0 
61 
0 
165 
487 
381 
55 
107 
52 
525 
0 
397 
37 
488 
0 
0 
0 
404 
0 
463 
0 
0 
0 
88 
0 
536 
0 
451 
0 
126 
452 
178 
0 
63 
0 
0 
0 
519 
0 
21 
0 
236 
0 
118 
0 
0 
0 
367 
0 
0 
575 
491 
0 
422 
0 
29 
0 
37 
0 
0 
0 
325 
0 
0 
428 
0 
0 
291 
0 
0 
149 
231 
0 
0 
298 
0 
0 
117 
0 
545 
0 
31 
0 
406 
0 
0 
0 
404 
0 
0 
0 
0 
0 
0 
0 
352 
229 
409 
0 
0 
196 
543 
0 
0 
0 
408 
0 
262 
0 
0 
262 
0 
268 
115 
0 
29 
0 
0 
0 
0 
0 
520 
0 
0 
0 
0 
0 
288 
171 
231 
0 
165 
79 
0 
390 
240 
238 
541 
334 
212 
0 
0 
222 
542 
176 
0 
0 
0 
0 
360 
0 
0 
0 
488 
0 
515 
0 
0 
383 
422 
0 
0 
0 
294 
0 
502 
0 
0 
365 
0 
538 
0 
0 
0 
0 
389 
0 
38 
0 
0 
139 
171 
0 
552 
0 
388 
0 
214 
0 
215 
0 
0 
0 
0 
207 
439 
0 
0 
0 
0 
0 
0 
0 
259 
0 
169 
0 
429 
0 
314 
0 
0 
0 
0 
375 
250 
0 
0 
0 
0 
0 
572 
262 
0 
109 
0 
0 
55 
0 
328 
0 
0 
0 
0 
173 
309 
0 
116 
0 
10 
0 
108 
0 
344 
126 
180 
0 
430 
0 
143 
0 
5 
0 
344 
144 
0 
0 
452 
0 
543 
0 
0 
0 
381 
0 
216 
319 
0 
0 
380 
0 
200 
0 
0 
0 
218 
0 
0 
0 
0 
0 
0 
413 
0 
0 
116 
554 
0 
0 
0 
0 
309 
0 
0 
0 
144 
0 
261 
0 
0 
0 
343 
0 
0 
0 
165 
0 
0 
0 
120 
138 
309 
0 
0 
0 
351 
344 
123 
0 
0 
0 
120 
0 
196 
153 
118 
0 
520 
0 
0 
94 
0 
0 
0 
0 
45 
329 
0 
0 
527 
407 
529 
0 
352 
0 
448 
0 
0 
0 
247 
0 
0 
143 
323 
0 
383 
0 
0 
0 
530 
71 
459 
0 
0 
539 
524 
0 
51 
0 
467 
0 
533 
305 
286 
0 
107 
0 
0 
398 
0 
0 
0 
0 
0 
0 
117 
0 
45 
0 
453 
0 
90 
0 
0 
364 
0 
115 
112 
0 
0 
0 
176 
0 
32 
0 
149 
0 
0 
0 
36 
0 
0 
0 
78 
0 
0 
0 
462 
111 
206 
0 
0 
0 
0 
476 
535 
0 
0 
0 
432 
0 
0 
0 
101 
0 
253 
0 
0 
0 
0 
343 
0 
0 
0 
0 
208 
0 
0 
0 
109 
0 
343 
0 
0 
0 
0 
56 
0 
135 
85 
439 
97 
0 
0 
223 
535 
0 
472 
0 
237 
0 
531 
87 
0 
0 
227 
0 
96 
0 
124 
0 
0 
551 
0 
0 
124 
0 
0 
560 
0 
0 
0 
0 
0 
0 
286 
0 
510 
0 
0 
0 
0 
0 
172 
27 
104 
0 
0 
0 
0 
533 
0 
0 
195 
0 
0 
0 
6 
0 
0 
0 
14 
287 
0 
0 
0 
0 
19 
0 
343 
0 
172 
0 
421 
0 
311 
0 
0 
0 
0 
0 
551 
0 
30 
0 
180 
0 
0 
0 
333 
0 
214 
0 
181 
0 
253 
0 
0 
0 
333 
0 
0 
127 
0 
120 
0 
48 
367 
0 
0 
199 
381 
0 
341 
0 
0 
395 
494 
0 
443 
0 
479 
0 
0 
0 
0 
0 
0 
0 
0 
0 
0 
0 
} 
node_thresholds: {
0.2784 
1.3087 
0.9059 
0.0620 
0.5292 
1.1363 
0.6812 
0.0290 
0.5695 
1.2325 
0.1920 
0.1358 
0.6506 
0.3099 
0.0215 
0.2682 
0.7453 
0.8653 
0.4529 
1.8533 
0.0000 
0.0130 
0.3340 
0.1047 
0.0881 
0.0620 
0.0852 
1.0475 
0.4881 
0.0000 
0.8889 
0.0328 
0.1082 
0.0004 
0.3997 
1.2217 
1.1152 
0.0162 
2.1666 
1.4717 
0.0163 
0.0000 
0.0038 
0.0000 
4.5331 
1.1089 
0.7430 
1.3374 
0.1859 
1.1937 
0.6444 
0.0032 
6.2578 
0.0672 
0.0000 
0.0784 
2.5168 
2.7067 
0.1098 
0.0565 
0.0006 
0.3350 
0.0000 
0.3249 
5.6218 
0.0406 
0.5339 
5.6627 
0.9425 
0.4044 
0.0000 
0.2697 
1.2461 
0.0264 
0.0000 
0.0048 
0.0000 
0.5064 
0.0590 
0.0000 
0.1602 
0.4268 
0.0000 
0.0702 
4.4620 
1.8807 
0.0000 
0.7262 
0.2280 
1.6976 
1.0257 
9.1297 
0.0000 
0.3044 
0.5300 
0.0000 
1.3673 
1.0965 
0.0000 
0.0015 
0.4298 
0.0000 
2.7699 
2.9077 
0.0000 
0.6024 
0.0000 
0.0000 
0.0150 
0.0019 
0.0001 
0.0000 
0.0400 
0.0000 
2.3151 
0.0811 
0.0000 
0.0000 
0.0000 
0.4591 
0.0735 
0.4729 
0.0000 
0.6484 
0.0000 
3.9346 
0.0000 
0.7378 
0.4125 
0.0057 
0.8476 
2.5892 
0.0000 
0.5798 
1.2196 
0.7630 
0.4599 
2.2850 
0.0000 
0.2011 
0.0000 
0.0000 
0.0000 
0.9994 
0.0000 
2.3580 
1.1673 
0.0602 
0.0000 
1.9428 
1.5285 
2.4491 
0.1527 
1.6680 
0.0719 
0.1324 
0.7507 
4.4872 
0.0104 
0.9052 
0.0000 
0.0117 
1.5327 
0.0038 
0.0000 
5.4338 
0.0000 
1.0559 
0.0000 
0.0000 
0.4693 
0.8172 
0.1525 
0.7449 
0.0000 
0.6633 
0.0000 
10.4202 
0.0000 
0.0000 
0.0000 
0.1725 
0.0020 
3.8715 
2.5548 
0.5443 
0.0000 
0.0000 
0.0000 
0.8022 
0.1019 
0.3208 
0.4033 
0.5624 
0.0003 
0.0000 
0.2283 
0.0000 
0.0000 
0.9394 
0.0356 
2.2791 
0.0000 
0.6860 
0.0000 
0.9817 
0.1200 
3.3171 
1.6271 
4.6893 
0.0000 
4.2143 
0.0229 
1.5600 
0.0000 
0.0019 
0.0000 
0.1435 
0.0000 
0.1638 
1.3268 
1.2375 
0.0000 
0.0000 
0.0000 
0.0000 
0.0000 
0.7932 
0.0000 
0.0253 
0.0200 
1.2350 
0.0000 
0.4481 
0.0000 
1.1878 
0.0000 
3.3724 
0.5136 
0.4958 
0.0000 
2.9276 
0.0787 
0.0000 
0.0000 
0.7337 
2.2979 
0.0000 
0.5516 
0.1914 
0.0000 
0.0000 
0.0000 
0.0011 
0.0000 
0.0000 
0.5635 
0.3360 
0.0000 
0.0000 
0.0000 
9.1906 
0.0000 
1.0337 
0.0000 
0.4904 
0.0000 
0.0167 
0.0000 
0.0000 
0.0000 
0.0250 
0.0000 
0.1546 
0.0000 
0.9648 
0.0000 
0.1971 
0.0000 
0.6819 
0.1791 
0.0885 
0.0000 
0.0000 
0.0000 
0.0000 
0.0000 
3.4590 
0.0000 
3.1702 
0.0000 
0.3690 
1.7237 
1.4767 
0.0648 
0.6243 
0.2787 
0.0000 
0.0000 
0.1990 
0.4684 
2.9508 
0.2571 
2.2190 
0.7612 
0.0000 
0.0000 
0.6098 
0.0000 
1.3556 
0.0000 
1.8708 
0.0000 
1.0375 
0.0000 
4.7542 
0.0000 
0.7351 
0.0000 
2.5429 
0.0000 
0.0000 
0.0000 
1.7684 
0.0000 
0.0000 
0.4174 
0.1926 
0.0000 
0.0000 
0.0000 
0.0105 
1.2444 
0.0001 
0.0000 
3.8368 
0.0000 
1.5686 
0.0000 
0.5289 
0.0000 
0.0000 
0.0000 
0.0303 
0.0021 
0.0000 
0.0000 
0.0004 
0.8090 
0.0000 
0.7690 
0.3990 
0.1517 
0.0000 
0.0000 
0.0000 
0.0000 
0.6459 
0.0000 
7.0446 
0.0000 
0.0000 
0.0000 
0.0000 
0.5023 
1.2011 
0.0001 
0.9951 
0.8818 
0.0320 
0.0000 
0.2012 
0.0000 
0.3498 
0.0000 
2.0565 
0.0000 
0.0066 
0.1119 
0.0000 
1.6843 
0.0000 
0.3478 
4.4110 
0.0000 
0.0000 
0.0000 
0.0839 
0.0000 
3.7665 
0.0000 
0.0000 
0.0000 
0.0006 
0.0000 
1.8013 
0.0000 
0.0099 
0.0000 
0.0042 
0.0000 
0.0000 
0.0000 
2.5479 
0.0000 
0.0000 
0.0000 
0.0989 
0.0000 
0.0000 
0.9487 
2.7513 
0.0000 
0.0000 
0.0000 
6.1897 
0.0000 
0.5496 
0.0190 
3.5692 
0.0000 
0.0825 
2.0476 
0.4851 
8.9266 
4.2935 
0.3689 
0.3305 
0.0000 
7.7156 
0.0000 
0.0228 
0.0000 
0.0000 
0.0000 
0.8900 
0.8853 
2.9410 
0.0000 
0.0000 
0.4992 
0.0000 
0.0000 
0.0000 
0.0000 
0.4017 
0.0000 
0.0000 
0.8787 
0.0887 
0.0000 
1.1619 
0.0000 
0.0215 
0.0000 
0.0569 
0.0020 
0.0000 
0.2046 
0.0745 
0.0006 
0.0001 
0.0000 
0.0007 
0.0000 
0.1994 
0.0000 
0.0000 
0.0000 
2.9880 
0.0000 
6.2814 
0.0000 
1.2280 
0.0000 
0.1133 
4.4046 
0.0542 
3.4595 
1.3324 
0.0764 
0.0000 
0.0000 
0.0000 
0.0000 
0.0041 
0.5495 
0.0000 
0.1430 
1.0791 
0.0000 
0.0000 
0.9326 
0.3938 
3.0591 
0.8865 
0.0000 
0.1376 
0.0000 
1.1305 
0.0000 
3.5556 
0.0002 
0.0000 
0.0000 
0.0000 
0.0000 
1.5344 
0.0000 
0.0000 
0.0000 
2.1609 
0.0000 
0.0740 
0.0272 
0.0010 
0.0009 
0.1050 
0.0027 
0.0000 
0.0000 
3.5020 
1.8500 
0.0370 
0.0000 
0.0000 
0.0000 
0.5375 
0.0000 
0.1190 
0.0000 
0.0000 
0.0000 
0.0093 
0.0000 
0.4567 
0.0000 
1.5992 
0.0000 
1.1213 
1.2509 
0.0058 
0.0000 
1.1358 
0.0000 
0.0000 
0.0000 
0.0130 
0.0000 
0.0456 
0.0000 
0.1871 
0.0000 
0.0009 
0.0000 
0.0000 
0.0000 
0.0000 
0.0000 
0.0000 
0.5352 
4.1083 
0.0000 
0.5764 
0.0000 
1.7793 
0.0000 
0.4605 
0.0000 
0.0000 
0.0000 
7.1559 
0.0000 
0.0000 
1.3091 
0.0000 
0.0000 
0.0379 
0.0000 
0.0000 
0.5553 
1.1047 
0.0000 
0.0000 
0.0008 
0.0000 
0.0000 
0.1527 
0.0000 
8.9505 
0.0000 
0.6230 
0.0000 
0.0892 
0.0000 
0.0000 
0.0000 
0.2106 
0.0000 
0.0000 
0.0000 
0.0000 
0.0000 
0.0000 
0.0000 
0.0023 
0.8508 
0.5798 
0.0000 
0.0000 
1.3929 
0.0381 
0.0000 
0.0000 
0.0000 
0.0173 
0.0000 
0.4437 
0.0000 
0.0000 
0.2579 
0.0000 
0.0961 
1.5764 
0.0000 
0.0026 
0.0000 
0.0000 
0.0000 
0.0000 
0.0000 
0.0121 
0.0000 
0.0000 
0.0000 
0.0000 
0.0000 
0.0381 
7.6121 
0.0485 
0.0000 
0.0002 
1.4155 
0.0000 
2.6488 
1.2120 
5.8555 
0.6111 
0.8485 
0.6210 
0.0000 
0.0000 
0.8601 
5.7888 
0.0004 
0.0000 
0.0000 
0.0000 
0.0000 
0.1855 
0.0000 
0.0000 
0.0000 
0.5283 
0.0000 
0.0744 
0.0000 
0.0000 
2.3581 
1.6129 
0.0000 
0.0000 
0.0000 
0.0535 
0.0000 
0.0001 
0.0000 
0.0000 
1.5637 
0.0000 
5.0684 
0.0000 
0.0000 
0.0000 
0.0000 
0.4334 
0.0000 
3.2120 
0.0000 
0.0000 
0.6097 
0.1102 
0.0000 
0.0241 
0.0000 
0.3013 
0.0000 
0.6630 
0.0000 
0.1500 
0.0000 
0.0000 
0.0000 
0.0000 
1.4839 
4.8540 
0.0000 
0.0000 
0.0000 
0.0000 
0.0000 
0.0000 
0.0000 
0.0011 
0.0000 
0.6334 
0.0000 
1.1347 
0.0000 
0.0121 
0.0000 
0.0000 
0.0000 
0.0000 
1.2774 
0.9296 
0.0000 
0.0000 
0.0000 
0.0000 
0.0000 
1.7046 
0.6482 
0.0000 
0.0002 
0.0000 
0.0000 
0.0000 
0.0000 
0.0008 
0.0000 
0.0000 
0.0000 
0.0000 
0.0400 
0.6448 
0.0000 
0.9668 
0.0000 
0.6153 
0.0000 
3.5529 
0.0000 
1.4007 
0.0122 
3.8302 
0.0000 
0.0001 
0.0000 
0.0013 
0.0000 
0.0060 
0.0000 
0.0110 
0.1431 
0.0000 
0.0000 
5.6027 
0.0000 
0.8733 
0.0000 
0.0000 
0.0000 
0.2690 
0.0000 
2.4911 
4.1102 
0.0000 
0.0000 
0.0003 
0.0000 
1.7740 
0.0000 
0.0000 
0.0000 
0.0326 
0.0000 
0.0000 
0.0000 
0.0000 
0.0000 
0.0000 
1.5429 
0.0000 
0.0000 
9.2467 
0.4295 
0.0000 
0.0000 
0.0000 
0.0000 
0.3078 
0.0000 
0.0000 
0.0000 
2.4706 
0.0000 
1.8254 
0.0000 
0.0000 
0.0000 
3.2376 
0.0000 
0.0000 
0.0000 
0.4305 
0.0000 
0.0000 
0.0000 
0.0061 
0.6308 
0.0086 
0.0000 
0.0000 
0.0000 
2.5208 
0.0304 
0.3302 
0.0000 
0.0000 
0.0000 
0.1608 
0.0000 
4.3061 
0.0697 
0.0030 
0.0000 
0.0035 
0.0000 
0.0000 
0.2861 
0.0000 
0.0000 
0.0000 
0.0000 
1.2103 
1.2515 
0.0000 
0.0000 
0.2670 
1.3710 
8.2327 
0.0000 
1.4848 
0.0000 
1.2898 
0.0000 
0.0000 
0.0000 
0.0190 
0.0000 
0.0000 
1.0715 
0.0006 
0.0000 
0.0103 
0.0000 
0.0000 
0.0000 
5.9558 
1.1074 
0.0037 
0.0000 
0.0000 
5.2740 
0.0081 
0.0000 
2.2054 
0.0000 
2.9294 
0.0000 
2.1271 
1.8958 
0.1816 
0.0000 
0.1027 
0.0000 
0.0000 
0.0087 
0.0000 
0.0000 
0.0000 
0.0000 
0.0000 
0.0000 
0.0548 
0.0000 
3.6872 
0.0000 
0.1843 
0.0000 
0.7620 
0.0000 
0.0000 
0.0357 
0.0000 
0.1706 
0.0550 
0.0000 
0.0000 
0.0000 
0.0348 
0.0000 
0.0001 
0.0000 
2.7730 
0.0000 
0.0000 
0.0000 
0.4494 
0.0000 
0.0000 
0.0000 
2.6765 
0.0000 
0.0000 
0.0000 
1.9780 
1.1289 
2.9004 
0.0000 
0.0000 
0.0000 
0.0000 
0.5122 
1.3087 
0.0000 
0.0000 
0.0000 
3.3094 
0.0000 
0.0000 
0.0000 
0.5423 
0.0000 
0.1371 
0.0000 
0.0000 
0.0000 
0.0000 
1.0063 
0.0000 
0.0000 
0.0000 
0.0000 
3.9595 
0.0000 
0.0000 
0.0000 
0.0001 
0.0000 
1.1496 
0.0000 
0.0000 
0.0000 
0.0000 
0.0703 
0.0000 
0.0095 
0.0192 
0.7985 
0.0128 
0.0000 
0.0000 
1.8081 
0.1844 
0.0000 
0.0217 
0.0000 
0.8420 
0.0000 
1.0273 
0.1695 
0.0000 
0.0000 
3.1384 
0.0000 
0.0814 
0.0000 
1.1929 
0.0000 
0.0000 
3.7219 
0.0000 
0.0000 
1.5372 
0.0000 
0.0000 
0.0002 
0.0000 
0.0000 
0.0000 
0.0000 
0.0000 
0.0000 
0.0012 
0.0000 
0.2310 
0.0000 
0.0000 
0.0000 
0.0000 
0.0000 
2.3324 
1.8844 
0.2154 
0.0000 
0.0000 
0.0000 
0.0000 
0.5799 
0.0000 
0.0000 
0.1699 
0.0000 
0.0000 
0.0000 
0.0375 
0.0000 
0.0000 
0.0000 
2.9525 
1.9012 
0.0000 
0.0000 
0.0000 
0.0000 
0.5439 
0.0000 
0.6214 
0.0000 
3.2057 
0.0000 
0.0189 
0.0000 
12.7589 
0.0000 
0.0000 
0.0000 
0.0000 
0.0000 
7.3302 
0.0000 
1.3722 
0.0000 
11.2819 
0.0000 
0.0000 
0.0000 
0.0679 
0.0000 
0.0012 
0.0000 
0.0410 
0.0000 
6.0954 
0.0000 
0.0000 
0.0000 
0.9878 
0.0000 
0.0000 
1.3167 
0.0000 
0.2101 
0.0000 
0.1246 
0.7389 
0.0000 
0.0000 
3.2343 
4.3077 
0.0000 
0.7453 
0.0000 
0.0000 
6.6396 
0.0000 
0.0000 
0.0741 
0.0000 
0.2142 
0.0000 
0.0000 
0.0000 
0.0000 
0.0000 
0.0000 
0.0000 
0.0000 
0.0000 
0.0000 
0.0000 
} 
node_means: {
-0.6871 
2.7778 
-4.8956 
4.0436 
-7.9520 
-7.1524 
1.4480 
7.7414 
0.0727 
-10.3066 
-1.1373 
-5.3757 
-11.1368 
-1.4807 
7.4840 
2.6876 
9.6296 
-2.8485 
4.4629 
-11.3142 
5.0435 
4.7698 
-5.1863 
-1.1508 
-8.0183 
-8.7880 
-13.7015 
1.1766 
-5.7901 
-7.7131 
8.8671 
4.6996 
-9.2925 
12.5135 
5.3248 
-4.9151 
0.2567 
6.2175 
0.1205 
-9.2463 
-15.7925 
-11.4051 
7.3373 
0.8812 
-6.9043 
-4.2057 
3.8992 
-9.9027 
-4.6925 
-12.5125 
-5.7193 
-14.9696 
-11.5281 
1.6895 
-15.2931 
-2.5409 
-8.5262 
10.8774 
2.1763 
6.2290 
-2.9151 
-12.8937 
6.3128 
7.5886 
13.6568 
6.1739 
-3.0475 
-5.7043 
3.4293 
-0.4034 
11.1993 
3.3632 
8.1528 
1.8544 
-10.5277 
-10.4880 
1.3442 
-17.6147 
-12.9763 
22.2275 
5.6242 
-7.3249 
15.9478 
-5.9998 
6.9367 
5.1732 
-6.5098 
-10.7165 
-5.8579 
-6.8122 
-0.6810 
-12.7896 
3.4230 
-7.1618 
0.3139 
-6.6681 
-15.3887 
-11.7508 
2.1514 
-5.0638 
3.5434 
-13.5070 
-0.9743 
-9.7961 
0.1389 
11.3620 
-9.9249 
-4.0144 
7.1288 
4.1357 
9.7587 
5.5855 
-7.1122 
-8.2724 
-17.1947 
8.8010 
-9.1708 
13.8768 
-12.6598 
7.2152 
1.4128 
1.2273 
-14.4471 
-5.9528 
16.3155 
5.4217 
-3.6718 
1.9224 
-2.3676 
4.9684 
-1.5414 
8.7945 
-5.0233 
-0.6591 
3.8349 
-7.2769 
-11.7042 
-18.2415 
-12.9140 
-13.5763 
0.9437 
2.0722 
9.3700 
-9.3737 
-3.0726 
-1.6249 
-11.6583 
8.7444 
-7.9766 
7.4658 
-2.5854 
-11.5931 
-6.3826 
-3.3842 
-10.5132 
-4.9295 
-13.3547 
1.8365 
-7.9590 
-13.1912 
-7.1147 
-4.9658 
-11.9954 
2.9249 
-7.2956 
-15.8121 
-9.8931 
-12.4634 
-8.2072 
-11.0083 
-3.6074 
4.9949 
-2.9355 
-2.6871 
15.9628 
-10.1918 
7.0240 
11.9715 
-2.5668 
12.0129 
5.2122 
6.7087 
-1.5759 
6.2658 
11.7335 
-12.3704 
3.8085 
-17.5477 
-5.6613 
3.3391 
12.1911 
15.4188 
11.4618 
8.0193 
-2.6082 
-10.5486 
3.3667 
4.2792 
-4.6532 
-7.4192 
-2.2014 
7.0046 
-2.9964 
2.5119 
-9.5212 
-0.9293 
-4.8831 
2.6228 
7.4808 
-0.1904 
-13.0654 
9.6888 
1.8188 
1.0478 
-4.7745 
4.8713 
-1.8121 
-8.2459 
2.3480 
-8.4696 
-13.2662 
-18.5599 
-1.0471 
-15.9703 
-11.1824 
-8.2543 
-17.0490 
-2.0280 
16.6305 
-8.1462 
-16.6878 
11.8410 
2.5513 
8.1114 
-11.7961 
-1.0366 
-10.4438 
-10.9249 
-14.5352 
-8.8003 
0.3332 
-6.6063 
-0.9020 
-7.4187 
-13.5592 
-7.7059 
-1.2856 
-8.9318 
-14.9060 
0.1856 
15.6262 
-16.1340 
-6.3595 
-13.3449 
14.1722 
16.1927 
-5.3485 
-13.3284 
-6.0981 
-11.4541 
4.4879 
-15.9857 
-8.3234 
-11.6045 
-15.3546 
-1.9758 
-7.8031 
5.9511 
-3.1333 
-7.1507 
0.4549 
-1.2110 
-10.3764 
-11.1670 
-5.3500 
12.2508 
-12.3698 
6.0126 
14.3498 
-5.1134 
1.6693 
7.1784 
-11.0745 
12.5179 
2.4283 
-13.7525 
-0.1829 
4.7959 
-17.0570 
13.8485 
6.2192 
13.4768 
16.9535 
12.3083 
7.0475 
6.9342 
11.0669 
6.5800 
-3.9656 
7.0526 
0.3968 
-6.2709 
-12.2724 
1.8179 
-3.8943 
5.5816 
12.8202 
1.8964 
13.4476 
-1.5284 
5.3231 
-6.5128 
-1.1850 
2.8614 
-17.4973 
8.0762 
-12.2543 
-0.7688 
20.1999 
10.2548 
3.0119 
-11.8352 
4.2735 
-0.0436 
12.7615 
-0.3837 
6.0524 
-7.0284 
-16.5761 
-10.6975 
-6.1448 
-10.6530 
-15.5132 
-18.9591 
-13.0792 
-1.4660 
-15.1696 
-10.8174 
-2.8577 
-17.5383 
-6.5890 
13.7023 
1.6584 
11.1117 
2.0093 
2.4512 
-4.0944 
-9.7894 
-15.4808 
-17.4919 
-13.2244 
-6.2495 
-11.5638 
-4.0070 
-9.3076 
-2.1370 
1.6522 
-9.4474 
-1.5773 
-2.5033 
10.7449 
-12.7980 
-17.2816 
-5.2998 
2.5287 
-14.9913 
-11.9492 
-3.7408 
-8.3839 
-14.6502 
-9.4344 
-16.0738 
2.9191 
-11.8750 
-5.0861 
-0.9479 
-9.1711 
0.3309 
7.6087 
5.2475 
-2.4070 
-14.4474 
-10.2844 
12.8865 
4.0732 
6.3194 
-14.3652 
-5.8955 
11.4682 
3.3485 
-6.8106 
8.6867 
4.5928 
14.2817 
10.3470 
5.9405 
-15.4245 
14.6391 
-1.6761 
13.5754 
-15.0321 
17.0525 
-7.1811 
12.5515 
-6.4751 
11.3379 
3.6151 
7.2328 
-5.7078 
6.9138 
12.4972 
8.1209 
-5.1734 
-2.5490 
2.1575 
-5.6541 
-14.4350 
-14.8871 
-9.1660 
0.3491 
9.4557 
-6.3356 
1.2139 
3.3465 
-1.6724 
-2.6452 
1.2397 
-6.9108 
4.8289 
3.2975 
-10.4951 
7.7139 
18.2219 
-2.9894 
1.4835 
11.2414 
5.3300 
0.3395 
-15.0784 
10.2183 
3.9980 
-8.8213 
-4.6591 
-13.5614 
-8.0313 
-16.5444 
-12.1688 
-16.2410 
-19.3504 
-2.5302 
9.4522 
-11.1941 
13.4159 
-19.4347 
-11.0550 
14.6267 
6.6682 
-6.5868 
3.4231 
-6.6410 
-10.4123 
-14.9733 
-20.6480 
-13.6076 
-8.2980 
-8.0794 
11.3841 
-13.4906 
-8.4152 
-10.3807 
-4.4843 
-3.2740 
14.0308 
5.8585 
-2.5293 
-16.3238 
-13.3009 
-10.4618 
-13.9008 
-6.6675 
-0.3925 
-12.0771 
-6.3226 
-12.3258 
-16.2236 
-16.8607 
-14.7578 
-14.1679 
-11.0836 
-1.3719 
11.9833 
-6.1595 
3.0862 
10.0344 
4.0634 
-1.7897 
-13.4573 
-11.3310 
-4.6625 
13.1883 
-5.7885 
4.7549 
9.9143 
-4.4232 
-14.8279 
3.7535 
-16.7000 
13.5377 
19.4903 
6.3985 
11.4199 
8.6543 
-4.8298 
17.1189 
12.4611 
12.1391 
16.0735 
15.9614 
18.9155 
12.7315 
-8.1134 
7.8327 
3.3886 
11.5747 
15.7694 
7.1560 
11.8885 
-5.8995 
18.7861 
-15.9380 
-8.6340 
-4.6826 
-12.2849 
0.7255 
-5.3918 
-4.7978 
-10.6889 
0.2739 
11.4595 
5.3783 
1.2382 
-3.0604 
6.2337 
-2.2690 
-7.7241 
0.3871 
5.1371 
-5.2316 
-9.3336 
3.4944 
-20.6249 
6.3508 
13.1360 
11.9164 
3.0709 
6.8586 
0.2171 
1.1531 
-2.3950 
8.0049 
2.8279 
-15.9229 
-19.6514 
-19.6639 
-17.6935 
-1.6697 
-10.3376 
-11.7703 
6.7659 
-17.9338 
-20.1624 
16.3594 
7.8649 
-20.1277 
7.5382 
-1.0182 
5.8703 
-6.2183 
-13.8746 
-13.7833 
-10.0194 
-15.6882 
-13.7353 
-11.1673 
-14.4700 
-8.6240 
-0.3765 
-8.9942 
-16.3675 
-2.4218 
-14.9911 
6.6016 
-11.2335 
-15.4536 
-18.8599 
-12.2987 
-14.5535 
-10.9402 
-7.9225 
-13.0250 
-16.6739 
-3.6167 
-8.8970 
-4.0715 
3.5447 
-15.2744 
-18.2204 
-15.7276 
-10.9579 
-14.2665 
-10.7240 
-2.3396 
4.6056 
1.6238 
5.5986 
11.1034 
6.8273 
4.5052 
-18.4670 
0.8038 
-3.3411 
-8.9143 
-12.5202 
13.7360 
8.0868 
5.0469 
-18.6038 
6.5244 
14.9100 
12.0978 
14.9775 
9.0665 
-17.1076 
19.2630 
15.0986 
9.9081 
16.8986 
13.1466 
9.9033 
14.9441 
17.4009 
17.3081 
13.9703 
17.3999 
19.5999 
9.9546 
13.7209 
8.6652 
6.6831 
2.8240 
12.5030 
8.5927 
12.7764 
-8.4360 
-4.2533 
-17.3973 
-13.7795 
1.8352 
-2.5319 
-5.1290 
7.0617 
-0.3967 
6.9130 
5.6419 
-19.7876 
1.7627 
-3.9761 
2.8468 
-4.3185 
-2.4819 
5.7291 
-6.4969 
-2.9470 
2.9871 
10.6913 
7.9288 
3.7130 
6.9501 
12.4777 
-10.4742 
1.5506 
3.6838 
-2.7642 
-15.7521 
-21.4474 
-19.8267 
-13.8025 
-2.0536 
17.1031 
-9.2709 
-13.7223 
16.5881 
-20.0049 
9.5839 
1.0693 
-6.4731 
13.1518 
-9.6849 
-13.2114 
-16.2955 
-12.9784 
-15.7072 
-13.5131 
-5.9096 
-10.7136 
-2.6616 
14.9220 
5.0286 
9.9178 
-14.0206 
-16.2693 
-12.1396 
-10.0962 
-15.7500 
-12.9856 
-18.7713 
-13.3373 
-14.5551 
-18.9691 
-11.0692 
-8.6251 
-7.7897 
-1.5695 
3.4733 
12.1716 
7.1254 
0.3593 
2.3501 
-4.5784 
-13.9558 
-11.4779 
12.7930 
16.4138 
-0.3850 
5.5272 
6.8800 
13.3874 
13.7041 
7.2929 
10.1153 
-14.0466 
15.8816 
12.8280 
19.4133 
16.6166 
14.1498 
-19.2414 
19.9831 
17.2417 
10.4085 
0.1391 
13.9140 
-10.6119 
7.3112 
10.2714 
7.5300 
4.1108 
3.0877 
-11.8115 
13.4153 
7.3004 
-8.8157 
6.0673 
0.5418 
-5.2048 
-3.3863 
-6.8143 
4.7851 
10.8457 
2.3863 
-0.9071 
-5.7795 
-1.7335 
-2.6321 
3.9523 
1.6793 
4.2386 
6.9971 
10.2581 
12.8067 
4.2210 
1.2577 
12.6801 
-21.3694 
-19.4543 
-1.4145 
-12.1914 
-14.4665 
-5.7836 
18.7517 
14.8863 
-1.1799 
11.0469 
-4.7973 
-7.7593 
-10.1538 
-7.6875 
-15.5382 
-18.2003 
-12.6981 
-7.5468 
-2.8829 
13.1257 
-16.8662 
-14.5115 
-18.3070 
-21.1366 
-14.1549 
-19.7984 
-12.4128 
-10.3499 
12.7942 
3.8996 
8.6270 
1.6750 
12.9316 
-4.2505 
17.6774 
13.2033 
4.2009 
7.3457 
12.7644 
16.2100 
12.2964 
8.7244 
15.5186 
17.6832 
15.0499 
11.6517 
20.8833 
18.9370 
9.8981 
16.6911 
14.8559 
10.6173 
8.6683 
4.5630 
10.8877 
7.7443 
6.1799 
8.3966 
-1.4391 
3.9639 
12.3864 
14.4105 
-10.4923 
-4.6698 
-3.2050 
3.0397 
-1.4842 
-6.5250 
5.0174 
-14.0326 
2.1646 
9.7560 
-2.0271 
-4.1571 
2.7925 
-3.3862 
3.8999 
10.4485 
16.1460 
12.1356 
1.7686 
-4.7028 
-0.7001 
-5.1407 
13.2875 
5.0454 
-9.8498 
-11.4783 
-8.8308 
-1.9165 
-5.0268 
-1.4976 
-19.2369 
-16.4299 
-14.7351 
-10.2637 
12.0855 
16.6310 
13.9142 
10.6476 
3.3975 
7.8030 
7.5938 
-0.0982 
14.3923 
11.7370 
15.8638 
12.6626 
18.1193 
15.7097 
13.7618 
16.0976 
10.6996 
4.5926 
14.9429 
-19.1551 
11.8276 
-1.7280 
8.9927 
4.2158 
8.4665 
11.6948 
9.3638 
7.9323 
-9.4205 
-17.7500 
-3.0540 
-12.4084 
-2.7969 
18.8623 
-5.9260 
-13.8836 
5.3303 
-7.3391 
0.8162 
3.8052 
-2.5234 
2.2831 
4.5810 
1.5838 
12.3906 
-0.9330 
4.3812 
1.0358 
-2.6192 
2.5609 
-9.9222 
6.0076 
-11.0417 
-15.0505 
5.1766 
-9.1001 
-0.9637 
-6.3026 
-17.6264 
-19.9670 
-14.9309 
7.3889 
10.5989 
14.3634 
14.3486 
11.1463 
11.1249 
-2.1205 
1.6453 
4.4130 
11.7387 
7.0464 
13.0590 
10.8628 
8.9653 
13.0513 
15.1187 
-7.7908 
13.7934 
10.5594 
9.1275 
2.3415 
11.2632 
15.6877 
6.6697 
8.3993 
-6.7903 
-11.2113 
2.5330 
-3.8836 
-3.8813 
-6.9001 
5.1259 
21.2681 
-3.7344 
-1.8131 
12.6243 
3.0441 
-2.7918 
18.1857 
1.8038 
19.8488 
-10.4156 
-8.8383 
-11.4108 
-8.1634 
-1.3921 
5.7678 
-15.0989 
-8.7722 
14.8208 
12.5317 
1.8246 
11.4861 
7.4669 
3.0094 
15.2684 
3.6486 
7.8223 
9.4456 
11.6159 
8.8190 
-9.4910 
-12.8599 
-2.0095 
-5.1229 
-4.7538 
4.0504 
-7.7238 
-2.6733 
7.0894 
3.7235 
-0.8877 
-2.4917 
11.2506 
13.4662 
-2.5062 
-16.2748 
3.3002 
-0.8836 
-8.8156 
-10.9279 
-7.9669 
-9.5586 
-1.5425 
15.0007 
-12.4392 
-15.4553 
13.9287 
16.4756 
11.1058 
16.7012 
14.1598 
17.0881 
8.9231 
11.0672 
-11.5310 
-4.0835 
-6.9333 
-11.4670 
12.0237 
7.6715 
14.7912 
11.3683 
-1.6638 
-4.5451 
-10.7106 
-15.2135 
-2.9522 
-0.7571 
12.3122 
15.3596 
14.7744 
10.7110 
17.3552 
10.9004 
-6.1092 
-10.2553 
14.7239 
10.9736 
15.5586 
11.9131 
-1.2906 
-5.4450 
-10.7724 
2.6315 
14.4602 
20.2297 
18.3877 
15.8250 
-6.2444 
11.2001 
10.0520 
15.7485 
1.7504 
-2.1339 
-11.6786 
-10.1844 
13.7753 
16.0703 
-10.5926 
-5.7946 
15.9003 
7.0947 
-1.8667 
-5.4003 
-8.7584 
-10.6265 
14.2470 
11.9897 
-5.2998 
-10.5173 
15.7421 
20.2523 
-2.4900 
-0.2781 
-10.5303 
-15.3394 
17.0113 
13.7190 
-5.6579 
-2.7661 
14.5287 
16.1368 
} 
node_vars: {
130.0293 
117.0211 
113.5355 
103.7129 
101.1175 
93.5098 
115.2687 
94.4829 
83.1733 
77.7406 
106.2883 
102.5506 
50.2797 
94.8183 
103.3062 
121.8878 
71.1353 
69.6718 
71.3655 
56.9375 
143.5706 
122.8929 
54.5941 
138.6643 
61.8142 
58.1290 
29.1076 
86.8948 
77.6464 
63.1280 
84.0298 
90.3416 
142.0921 
60.8598 
55.5279 
71.9877 
50.1322 
63.3335 
64.7676 
58.0945 
25.1158 
177.3982 
66.1212 
70.3196 
36.7669 
125.4336 
119.6055 
37.9319 
86.6372 
25.6678 
64.0289 
29.2019 
21.4662 
79.7562 
36.4239 
90.4872 
50.4568 
69.2461 
75.0155 
59.4685 
174.4313 
60.6616 
195.2361 
117.6688 
40.7336 
43.1177 
100.6946 
65.4974 
64.3958 
40.6851 
79.7746 
51.2099 
62.2842 
48.7955 
31.0106 
38.4393 
100.4171 
14.6885 
28.1684 
0.5232 
45.2258 
27.6544 
0.0457 
108.4605 
86.7062 
105.5198 
113.0841 
34.2324 
36.6661 
68.8632 
95.6798 
18.4434 
182.7158 
53.5968 
62.5590 
140.7064 
19.9167 
17.7186 
61.5042 
44.6444 
73.4377 
21.1604 
80.7577 
35.9463 
63.3827 
59.3953 
49.3563 
60.5081 
31.4340 
63.0291 
33.6171 
147.2267 
134.5691 
71.6594 
12.0518 
96.4217 
110.1826 
35.0100 
26.9888 
32.5678 
63.7258 
47.4340 
64.0406 
60.1753 
46.7957 
52.6557 
41.6652 
49.9023 
24.4746 
41.1427 
50.0423 
51.0570 
110.7486 
39.8337 
46.9563 
57.2368 
25.9352 
13.1679 
1.0497 
16.1960 
103.8102 
32.1983 
31.6279 
16.9932 
22.9883 
86.9794 
79.4695 
59.9281 
58.2597 
101.1667 
42.2692 
20.7299 
78.4132 
25.4622 
24.5640 
65.3499 
25.9511 
87.8593 
46.9967 
16.8491 
6.4899 
52.3952 
22.2633 
54.6292 
7.8964 
16.9977 
25.2779 
14.7425 
17.4340 
33.4484 
36.6088 
66.3510 
53.6912 
55.4306 
15.3400 
28.4317 
65.7482 
47.6859 
124.4763 
15.3310 
24.7190 
44.4620 
56.9267 
31.0649 
24.2622 
58.0106 
116.8882 
8.2240 
0.0000 
115.3232 
54.6802 
20.7512 
47.7849 
23.6500 
37.1253 
74.1844 
34.8288 
35.7608 
17.3992 
59.2677 
42.9231 
44.8980 
9.7241 
44.7607 
12.0179 
18.8878 
24.3000 
34.7571 
35.7772 
34.7899 
31.7654 
42.4342 
63.4163 
39.9807 
15.5186 
42.6930 
32.4460 
35.8321 
167.8928 
18.4093 
22.0773 
7.8329 
0.1342 
13.5630 
7.3672 
9.3340 
2.0109 
80.9142 
21.0281 
81.8761 
33.0630 
39.1052 
44.0428 
91.6621 
1.2634 
34.6248 
7.1314 
19.3982 
15.9723 
43.8087 
113.1970 
22.3114 
13.7302 
7.0029 
23.1460 
45.5121 
67.9924 
35.6474 
13.2825 
70.8228 
17.2442 
30.4976 
34.5910 
12.6897 
4.2520 
63.7680 
43.9454 
16.1402 
6.7135 
8.1792 
34.7619 
16.0162 
1.9523 
12.4469 
11.6265 
37.6410 
9.5053 
58.1369 
62.3316 
49.6007 
31.1951 
41.8945 
55.4689 
19.0459 
46.8668 
39.4827 
163.2381 
41.6625 
11.4866 
54.4683 
37.1711 
14.5359 
28.6059 
17.3971 
11.8228 
41.1236 
41.5456 
90.8887 
11.6902 
41.1766 
57.7742 
21.5921 
14.7514 
44.3493 
42.4777 
19.3966 
23.0012 
21.6950 
25.0908 
23.9349 
23.8395 
55.8381 
44.6373 
30.1391 
38.6374 
42.4448 
12.8273 
36.7590 
60.6034 
14.8787 
17.8875 
20.0923 
14.1456 
30.0067 
25.7576 
24.5908 
5.3013 
23.6361 
0.4040 
39.1977 
32.2534 
14.9458 
32.5890 
27.1115 
28.1151 
18.8145 
40.4582 
27.6843 
12.0439 
14.0413 
12.3835 
23.6183 
9.8313 
6.0278 
0.3858 
75.4919 
27.6260 
49.4251 
104.0284 
18.8186 
91.6409 
21.7115 
11.6204 
80.1465 
59.5397 
19.1259 
28.1975 
15.5692 
8.8322 
17.4210 
9.7366 
49.3934 
23.0727 
15.0563 
15.5323 
6.9151 
18.1469 
32.2745 
43.8626 
44.5438 
140.2823 
10.0950 
6.2235 
71.5059 
52.1884 
8.0884 
12.3447 
43.9423 
29.8577 
8.8820 
17.2123 
14.4182 
0.0117 
7.4270 
89.1280 
30.5126 
28.3710 
45.7540 
49.7256 
78.1531 
26.0251 
11.7653 
17.3305 
28.5200 
108.4316 
35.4595 
32.2150 
42.0072 
30.7250 
26.4559 
5.1345 
12.9549 
6.6611 
10.5933 
17.2289 
71.4903 
1.5863 
29.6237 
14.7497 
18.8447 
0.0207 
12.1945 
52.8971 
38.3770 
148.1602 
29.5890 
26.2811 
14.8914 
46.5206 
25.8603 
14.0306 
10.8462 
11.1912 
15.3952 
20.5999 
52.4604 
28.8594 
21.4306 
54.4360 
14.3856 
42.5022 
27.7066 
22.9446 
30.4043 
34.4873 
12.8604 
9.1274 
15.3691 
21.5562 
24.9322 
1.1930 
21.5394 
3.4185 
11.8862 
25.4795 
35.3517 
29.2845 
21.3841 
20.1041 
50.3983 
22.7774 
12.3149 
38.1329 
19.7328 
12.6231 
5.3032 
9.8833 
13.3599 
3.7559 
55.0199 
154.6930 
40.9226 
0.0370 
4.1953 
14.4823 
44.9368 
89.2935 
46.2975 
47.5654 
16.9053 
12.9561 
6.5188 
3.0647 
8.2896 
2.1840 
15.6086 
31.7472 
20.6670 
11.0236 
31.0138 
9.7148 
33.1506 
2.8608 
40.7068 
27.2039 
6.5225 
4.9647 
7.6782 
11.7560 
29.5402 
39.4085 
16.8386 
25.2622 
5.4751 
5.0551 
10.8964 
17.5398 
8.2124 
4.7150 
23.4401 
73.5249 
56.2034 
15.8425 
33.3851 
52.4392 
19.7216 
9.9282 
9.9479 
19.4959 
21.6025 
102.2391 
21.3803 
49.2636 
24.8604 
53.0926 
18.7063 
0.0000 
7.1725 
3.5344 
17.5274 
11.7599 
43.6210 
36.8679 
9.2008 
37.4158 
17.4060 
11.5185 
12.7326 
5.7726 
34.8400 
13.7879 
10.6190 
25.1869 
12.1925 
6.8249 
7.4960 
6.0976 
46.7704 
15.8592 
12.7566 
27.3678 
38.3564 
41.9112 
12.8705 
2.3735 
21.4078 
19.8913 
11.2652 
35.6470 
38.5737 
13.1986 
26.7754 
4.9330 
10.9902 
10.4035 
6.7144 
1.6458 
14.3857 
6.8499 
20.3885 
0.0000 
14.0001 
14.7391 
29.1761 
37.8297 
10.5394 
58.0264 
20.6163 
14.2625 
23.6763 
16.4570 
3.5357 
2.5563 
3.6843 
0.8699 
47.8746 
52.1747 
30.5960 
29.8575 
4.1067 
2.6165 
27.0173 
57.4286 
43.0774 
66.7249 
20.9272 
45.3857 
14.3932 
4.5052 
16.2580 
11.0928 
6.2474 
4.5712 
7.6323 
5.6737 
10.0387 
30.8544 
24.5383 
14.8339 
23.8967 
13.1153 
29.1184 
2.4004 
4.4885 
3.8116 
3.2282 
4.3109 
5.4242 
11.9788 
8.8540 
10.8269 
27.2223 
19.4621 
26.8231 
22.8905 
7.5594 
9.7511 
13.2914 
16.0623 
3.5073 
3.5774 
17.4640 
18.8367 
12.7987 
11.0853 
32.1918 
23.2519 
43.3094 
0.4837 
18.9199 
13.7707 
12.6983 
4.3065 
17.5807 
30.2450 
14.7337 
0.6601 
39.8002 
21.3179 
5.7536 
4.4449 
33.5303 
0.0000 
2.8643 
6.7586 
19.9150 
36.8135 
12.9608 
20.0199 
10.6255 
9.3069 
6.6293 
15.1103 
5.9462 
4.1883 
26.5506 
34.0673 
11.5069 
7.1147 
20.8611 
6.7977 
10.7452 
7.7481 
52.5795 
36.1149 
7.2666 
13.0679 
6.7427 
16.6328 
17.0580 
32.5541 
6.0357 
14.5079 
32.2762 
0.0268 
10.3741 
11.3535 
33.1984 
16.3933 
9.2422 
10.9920 
13.0540 
8.6798 
14.4760 
48.8247 
9.3303 
10.6861 
31.8071 
25.7759 
74.0744 
14.0087 
12.6534 
5.2499 
2.6719 
0.0000 
2.7385 
2.4227 
41.2314 
13.1049 
30.4968 
21.9846 
18.8181 
0.0000 
62.9458 
23.5951 
8.8755 
53.6055 
9.9733 
10.5198 
5.2534 
1.6935 
5.3629 
3.8147 
24.9944 
16.0244 
20.0101 
0.0595 
24.8421 
21.9202 
2.3790 
3.8550 
4.4461 
4.3879 
7.1993 
2.9648 
5.2793 
22.8521 
12.1383 
2.1713 
2.9982 
1.9694 
34.2098 
10.3075 
23.3385 
24.1396 
21.0762 
50.4378 
2.2967 
7.6929 
2.6168 
2.9505 
16.7053 
10.3711 
13.9613 
11.9619 
31.3964 
9.6288 
9.4802 
11.9790 
15.0761 
0.0000 
8.7587 
8.3771 
6.0697 
4.8791 
9.1976 
0.0000 
3.0890 
4.4883 
22.5740 
11.7433 
29.5958 
0.6945 
9.3481 
9.3131 
4.4841 
6.3098 
17.3077 
0.0219 
4.4937 
2.1567 
45.2629 
116.2200 
24.7276 
32.9069 
7.0801 
20.9299 
27.9743 
26.8678 
9.1505 
6.8199 
10.6070 
16.1719 
8.1713 
12.7459 
16.2250 
9.5995 
8.2992 
4.3120 
22.0213 
49.1256 
11.0310 
0.0318 
2.5591 
2.0687 
33.3783 
56.5437 
17.2872 
3.1605 
15.3152 
14.9955 
75.3938 
43.3654 
6.5218 
6.8722 
6.8502 
18.3506 
4.5057 
2.0633 
7.8251 
12.7957 
16.1717 
41.0833 
6.5586 
4.9939 
4.8619 
0.7128 
10.6424 
2.1442 
2.7310 
1.6573 
19.3074 
14.7633 
13.4717 
10.7870 
13.7675 
85.2078 
6.0724 
6.9284 
10.1693 
8.7010 
7.8607 
5.1646 
7.5562 
14.9031 
2.9347 
4.4589 
5.4303 
11.1645 
2.2316 
2.0496 
20.1133 
10.1823 
22.3213 
41.0829 
5.5358 
5.7856 
7.1906 
10.0719 
4.5469 
2.5227 
13.1367 
13.3810 
3.7306 
3.2177 
32.2294 
53.3518 
29.5027 
5.9460 
43.3237 
22.5559 
23.2572 
51.5825 
6.8322 
30.2876 
7.4022 
6.8615 
10.7615 
9.7859 
7.6602 
4.4857 
15.6367 
20.6132 
8.1244 
6.3690 
29.6507 
36.2759 
32.4324 
23.1855 
6.8114 
4.8625 
11.6976 
12.0309 
15.4484 
11.7502 
3.9954 
1.3420 
8.6111 
6.8653 
19.2195 
2.3432 
10.1177 
14.7902 
7.3619 
6.8884 
7.0824 
0.0000 
7.7316 
5.2142 
1.9372 
2.0439 
3.5040 
4.0257 
3.7347 
4.3622 
14.5830 
24.3181 
19.4124 
0.0000 
9.2318 
198.6146 
4.1590 
3.1659 
5.1146 
5.2770 
1.5774 
2.3119 
26.3296 
11.7265 
48.4152 
4.6059 
17.4917 
3.0313 
19.2577 
4.5197 
19.7826 
3.9554 
5.2860 
3.8098 
5.1769 
6.0107 
6.6035 
4.3117 
15.8354 
91.3572 
9.3704 
5.3233 
19.5302 
29.9559 
5.6890 
0.0000 
3.2267 
3.9262 
132.4338 
5.5300 
9.9617 
2.1938 
4.1950 
2.1959 
4.3174 
0.0000 
18.7547 
11.3567 
8.0105 
14.6801 
9.0172 
0.0961 
6.9810 
4.7720 
7.2140 
4.4963 
3.7674 
4.2512 
6.7894 
15.5415 
15.5344 
0.1478 
6.3473 
6.9914 
3.3257 
0.1330 
3.5641 
3.4547 
1.4755 
1.8135 
30.4882 
15.5812 
27.4558 
8.4873 
15.6509 
18.0355 
16.7379 
0.0000 
7.0922 
2.6888 
13.4557 
21.4779 
15.8732 
23.7626 
17.4718 
3.0466 
5.6957 
3.9647 
2.6077 
3.6726 
7.4853 
0.6795 
3.3149 
2.1093 
8.2567 
2.9038 
11.5742 
5.4284 
2.7784 
2.9930 
13.8587 
10.6137 
3.7242 
2.7123 
2.7723 
2.2141 
7.6283 
17.6489 
6.5931 
5.8814 
7.8028 
17.1646 
16.3006 
5.5910 
11.8882 
15.4814 
0.7627 
3.0128 
14.3728 
11.0283 
11.4312 
39.8950 
17.8431 
5.5615 
3.6350 
5.2733 
3.9671 
2.8161 
5.0660 
0.0000 
2.6880 
2.3239 
7.3496 
5.7246 
3.4678 
3.1373 
10.0035 
14.8576 
1.4179 
3.2522 
1.6201 
3.4224 
14.1623 
9.4550 
12.7753 
6.1916 
8.3355 
8.1114 
9.5561 
10.0944 
4.3391 
4.4059 
2.2517 
4.9100 
7.5483 
2.8131 
7.9853 
7.3143 
7.0247 
156.3772 
10.7468 
14.1574 
3.4507 
12.4635 
5.7102 
7.6884 
8.5038 
4.5101 
3.5312 
0.0000 
6.5663 
1.1494 
4.9565 
6.1685 
8.4718 
0.0000 
19.1115 
4.1664 
6.5151 
5.7796 
2.6417 
3.2298 
6.1028 
3.9608 
2.2775 
6.9544 
2.9026 
0.0029 
5.2678 
0.4932 
2.2197 
2.7171 
5.0850 
5.9254 
4.8080 
2.8024 
2.1556 
3.8167 
4.5150 
3.6725 
2.3100 
0.0000 
4.9072 
3.3805 
3.7812 
4.7480 
1.8146 
1.6318 
} 
node_children_left: {
2 
4 
6 
8 
10 
12 
14 
16 
18 
20 
22 
24 
26 
28 
30 
32 
34 
36 
38 
40 
0 
42 
44 
46 
48 
50 
52 
54 
56 
0 
58 
60 
62 
64 
66 
68 
70 
72 
74 
76 
78 
0 
80 
0 
82 
84 
86 
88 
90 
92 
94 
96 
98 
100 
0 
102 
104 
106 
108 
110 
112 
114 
0 
116 
118 
120 
122 
124 
126 
128 
0 
130 
132 
134 
0 
136 
0 
138 
140 
0 
142 
144 
0 
146 
148 
150 
0 
152 
154 
156 
158 
160 
0 
162 
164 
0 
166 
168 
0 
170 
172 
0 
174 
176 
0 
178 
0 
0 
180 
182 
184 
0 
186 
0 
188 
190 
0 
192 
0 
194 
196 
198 
0 
200 
0 
202 
0 
204 
206 
208 
210 
212 
0 
214 
216 
218 
220 
222 
0 
224 
0 
0 
0 
226 
0 
228 
230 
232 
0 
234 
236 
238 
240 
242 
244 
246 
248 
250 
252 
254 
0 
256 
258 
260 
0 
262 
0 
264 
0 
0 
266 
268 
270 
272 
0 
274 
0 
276 
0 
0 
0 
278 
280 
282 
284 
286 
0 
0 
0 
288 
290 
292 
294 
296 
298 
0 
300 
0 
0 
302 
304 
306 
0 
308 
0 
310 
312 
314 
316 
318 
0 
320 
322 
324 
0 
326 
0 
328 
0 
330 
332 
334 
0 
0 
0 
0 
0 
336 
0 
338 
340 
342 
0 
344 
0 
346 
0 
348 
350 
352 
0 
354 
356 
0 
0 
358 
360 
0 
362 
364 
0 
0 
0 
366 
0 
0 
368 
370 
0 
0 
0 
372 
0 
374 
0 
376 
0 
378 
0 
0 
0 
380 
0 
382 
0 
384 
0 
386 
0 
388 
390 
392 
0 
394 
0 
0 
0 
396 
0 
398 
0 
400 
402 
404 
406 
408 
410 
0 
0 
412 
414 
416 
418 
420 
422 
0 
0 
424 
0 
426 
0 
428 
0 
430 
0 
432 
0 
434 
0 
436 
0 
0 
0 
438 
0 
0 
440 
442 
0 
0 
0 
444 
446 
448 
0 
450 
0 
452 
0 
454 
0 
0 
0 
456 
458 
0 
0 
460 
462 
0 
464 
466 
468 
0 
0 
0 
0 
470 
0 
472 
0 
0 
0 
0 
474 
476 
478 
480 
482 
484 
0 
486 
0 
488 
0 
490 
0 
492 
494 
0 
496 
0 
498 
500 
0 
502 
0 
504 
0 
506 
0 
0 
0 
508 
510 
512 
0 
514 
0 
516 
0 
518 
0 
520 
0 
0 
0 
522 
0 
0 
524 
526 
0 
0 
0 
528 
0 
530 
532 
534 
0 
536 
538 
540 
542 
544 
546 
548 
0 
550 
0 
552 
0 
0 
0 
554 
556 
558 
0 
0 
560 
0 
0 
0 
0 
562 
0 
0 
564 
566 
0 
568 
0 
570 
0 
572 
574 
0 
576 
578 
580 
582 
0 
584 
0 
586 
0 
0 
0 
588 
0 
590 
0 
592 
0 
594 
596 
598 
600 
602 
604 
0 
0 
0 
0 
606 
608 
0 
610 
612 
0 
0 
614 
616 
618 
620 
0 
622 
0 
624 
0 
626 
628 
0 
0 
0 
0 
630 
0 
0 
0 
632 
0 
634 
636 
638 
640 
642 
644 
646 
0 
648 
650 
652 
0 
0 
0 
654 
0 
656 
0 
0 
0 
658 
0 
660 
0 
662 
0 
664 
666 
668 
0 
670 
0 
0 
0 
672 
0 
674 
0 
676 
0 
678 
0 
0 
0 
680 
0 
0 
682 
684 
0 
686 
0 
688 
0 
690 
0 
0 
0 
692 
0 
0 
694 
0 
0 
696 
0 
0 
698 
700 
0 
0 
702 
0 
0 
704 
0 
706 
0 
708 
0 
710 
0 
0 
0 
712 
0 
0 
0 
0 
0 
0 
0 
714 
716 
718 
0 
0 
720 
722 
0 
0 
0 
724 
0 
726 
0 
0 
728 
0 
730 
732 
0 
734 
0 
0 
0 
0 
0 
736 
0 
0 
0 
0 
0 
738 
740 
742 
0 
744 
746 
0 
748 
750 
752 
754 
756 
758 
0 
0 
760 
762 
764 
0 
0 
0 
0 
766 
0 
0 
0 
768 
0 
770 
0 
0 
772 
774 
0 
0 
0 
776 
0 
778 
0 
0 
780 
0 
782 
0 
0 
0 
0 
784 
0 
786 
0 
0 
788 
790 
0 
792 
0 
794 
0 
796 
0 
798 
0 
0 
0 
0 
800 
802 
0 
0 
0 
0 
0 
0 
0 
804 
0 
806 
0 
808 
0 
810 
0 
0 
0 
0 
812 
814 
0 
0 
0 
0 
0 
816 
818 
0 
820 
0 
0 
822 
0 
824 
0 
0 
0 
0 
826 
828 
0 
830 
0 
832 
0 
834 
0 
836 
838 
840 
0 
842 
0 
844 
0 
846 
0 
848 
850 
0 
0 
852 
0 
854 
0 
0 
0 
856 
0 
858 
860 
0 
0 
862 
0 
864 
0 
0 
0 
866 
0 
0 
0 
0 
0 
0 
868 
0 
0 
870 
872 
0 
0 
0 
0 
874 
0 
0 
0 
876 
0 
878 
0 
0 
0 
880 
0 
0 
0 
882 
0 
0 
0 
884 
886 
888 
0 
0 
0 
890 
892 
894 
0 
0 
0 
896 
0 
898 
900 
902 
0 
904 
0 
0 
906 
0 
0 
0 
0 
908 
910 
0 
0 
912 
914 
916 
0 
918 
0 
920 
0 
0 
0 
922 
0 
0 
924 
926 
0 
928 
0 
0 
0 
930 
932 
934 
0 
0 
936 
938 
0 
940 
0 
942 
0 
944 
946 
948 
0 
950 
0 
0 
952 
0 
0 
0 
0 
0 
0 
954 
0 
956 
0 
958 
0 
960 
0 
0 
962 
0 
964 
966 
0 
0 
0 
968 
0 
970 
0 
972 
0 
0 
0 
974 
0 
0 
0 
976 
0 
0 
0 
978 
980 
982 
0 
0 
0 
0 
984 
986 
0 
0 
0 
988 
0 
0 
0 
990 
0 
992 
0 
0 
0 
0 
994 
0 
0 
0 
0 
996 
0 
0 
0 
998 
0 
1000 
0 
0 
0 
0 
1002 
0 
1004 
1006 
1008 
1010 
0 
0 
1012 
1014 
0 
1016 
0 
1018 
0 
1020 
1022 
0 
0 
1024 
0 
1026 
0 
1028 
0 
0 
1030 
0 
0 
1032 
0 
0 
1034 
0 
0 
0 
0 
0 
0 
1036 
0 
1038 
0 
0 
0 
0 
0 
1040 
1042 
1044 
0 
0 
0 
0 
1046 
0 
0 
1048 
0 
0 
0 
1050 
0 
0 
0 
1052 
1054 
0 
0 
0 
0 
1056 
0 
1058 
0 
1060 
0 
1062 
0 
1064 
0 
0 
0 
0 
0 
1066 
0 
1068 
0 
1070 
0 
0 
0 
1072 
0 
1074 
0 
1076 
0 
1078 
0 
0 
0 
1080 
0 
0 
1082 
0 
1084 
0 
1086 
1088 
0 
0 
1090 
1092 
0 
1094 
0 
0 
1096 
1098 
0 
1100 
0 
1102 
0 
0 
0 
0 
0 
0 
0 
0 
0 
0 
0 
} 
node_children_right: {
3
5
7
9
11
13
15
17
19
21
23
25
27
29
31
33
35
37
39
41
0
43
45
47
49
51
53
55
57
0
59
61
63
65
67
69
71
73
75
77
79
0
81
0
83
85
87
89
91
93
95
97
99
101
0
103
105
107
109
111
113
115
0
117
119
121
123
125
127
129
0
131
133
135
0
137
0
139
141
0
143
145
0
147
149
151
0
153
155
157
159
161
0
163
165
0
167
169
0
171
173
0
175
177
0
179
0
0
181
183
185
0
187
0
189
191
0
193
0
195
197
199
0
201
0
203
0
205
207
209
211
213
0
215
217
219
221
223
0
225
0
0
0
227
0
229
231
233
0
235
237
239
241
243
245
247
249
251
253
255
0
257
259
261
0
263
0
265
0
0
267
269
271
273
0
275
0
277
0
0
0
279
281
283
285
287
0
0
0
289
291
293
295
297
299
0
301
0
0
303
305
307
0
309
0
311
313
315
317
319
0
321
323
325
0
327
0
329
0
331
333
335
0
0
0
0
0
337
0
339
341
343
0
345
0
347
0
349
351
353
0
355
357
0
0
359
361
0
363
365
0
0
0
367
0
0
369
371
0
0
0
373
0
375
0
377
0
379
0
0
0
381
0
383
0
385
0
387
0
389
391
393
0
395
0
0
0
397
0
399
0
401
403
405
407
409
411
0
0
413
415
417
419
421
423
0
0
425
0
427
0
429
0
431
0
433
0
435
0
437
0
0
0
439
0
0
441
443
0
0
0
445
447
449
0
451
0
453
0
455
0
0
0
457
459
0
0
461
463
0
465
467
469
0
0
0
0
471
0
473
0
0
0
0
475
477
479
481
483
485
0
487
0
489
0
491
0
493
495
0
497
0
499
501
0
503
0
505
0
507
0
0
0
509
511
513
0
515
0
517
0
519
0
521
0
0
0
523
0
0
525
527
0
0
0
529
0
531
533
535
0
537
539
541
543
545
547
549
0
551
0
553
0
0
0
555
557
559
0
0
561
0
0
0
0
563
0
0
565
567
0
569
0
571
0
573
575
0
577
579
581
583
0
585
0
587
0
0
0
589
0
591
0
593
0
595
597
599
601
603
605
0
0
0
0
607
609
0
611
613
0
0
615
617
619
621
0
623
0
625
0
627
629
0
0
0
0
631
0
0
0
633
0
635
637
639
641
643
645
647
0
649
651
653
0
0
0
655
0
657
0
0
0
659
0
661
0
663
0
665
667
669
0
671
0
0
0
673
0
675
0
677
0
679
0
0
0
681
0
0
683
685
0
687
0
689
0
691
0
0
0
693
0
0
695
0
0
697
0
0
699
701
0
0
703
0
0
705
0
707
0
709
0
711
0
0
0
713
0
0
0
0
0
0
0
715
717
719
0
0
721
723
0
0
0
725
0
727
0
0
729
0
731
733
0
735
0
0
0
0
0
737
0
0
0
0
0
739
741
743
0
745
747
0
749
751
753
755
757
759
0
0
761
763
765
0
0
0
0
767
0
0
0
769
0
771
0
0
773
775
0
0
0
777
0
779
0
0
781
0
783
0
0
0
0
785
0
787
0
0
789
791
0
793
0
795
0
797
0
799
0
0
0
0
801
803
0
0
0
0
0
0
0
805
0
807
0
809
0
811
0
0
0
0
813
815
0
0
0
0
0
817
819
0
821
0
0
823
0
825
0
0
0
0
827
829
0
831
0
833
0
835
0
837
839
841
0
843
0
845
0
847
0
849
851
0
0
853
0
855
0
0
0
857
0
859
861
0
0
863
0
865
0
0
0
867
0
0
0
0
0
0
869
0
0
871
873
0
0
0
0
875
0
0
0
877
0
879
0
0
0
881
0
0
0
883
0
0
0
885
887
889
0
0
0
891
893
895
0
0
0
897
0
899
901
903
0
905
0
0
907
0
0
0
0
909
911
0
0
913
915
917
0
919
0
921
0
0
0
923
0
0
925
927
0
929
0
0
0
931
933
935
0
0
937
939
0
941
0
943
0
945
947
949
0
951
0
0
953
0
0
0
0
0
0
955
0
957
0
959
0
961
0
0
963
0
965
967
0
0
0
969
0
971
0
973
0
0
0
975
0
0
0
977
0
0
0
979
981
983
0
0
0
0
985
987
0
0
0
989
0
0
0
991
0
993
0
0
0
0
995
0
0
0
0
997
0
0
0
999
0
1001
0
0
0
0
1003
0
1005
1007
1009
1011
0
0
1013
1015
0
1017
0
1019
0
1021
1023
0
0
1025
0
1027
0
1029
0
0
1031
0
0
1033
0
0
1035
0
0
0
0
0
0
1037
0
1039
0
0
0
0
0
1041
1043
1045
0
0
0
0
1047
0
0
1049
0
0
0
1051
0
0
0
1053
1055
0
0
0
0
1057
0
1059
0
1061
0
1063
0
1065
0
0
0
0
0
1067
0
1069
0
1071
0
0
0
1073
0
1075
0
1077
0
1079
0
0
0
1081
0
0
1083
0
1085
0
1087
1089
0
0
1091
1093
0
1095
0
0
1097
1099
0
1101
0
1103
0
0
0
0
0
0
0
0
0
0
0
} 
